1,37,20404,18728,1
5,40,11072,18740,1
5,174,11072,19624,1
6,40,18825,18740,1
6,206,18825,18868,1
6,546,18825,19785,1
8,128,18789,19007,1
8,132,18789,11188,1
8,342,18789,11578,1
8,352,18789,11564,1
12,70,11082,18860,1
12,257,11082,18143,1
12,273,11082,18897,1
12,298,11082,11426,1
12,748,11082,12681,1
16,118,18725,15673,1
16,130,18725,11190,1
16,168,18725,11218,1
17,76,18725,11105,2
17,216,18725,20281,1
17,244,18725,20295,1
17,313,18725,11490,1
18,132,16841,11188,1
18,316,16841,16725,1
20,105,11056,17765,1
21,6,18729,18825,1
21,45,18729,18859,1
24,3,16193,16208,1
24,89,16193,16156,2
24,101,16193,18958,1
24,206,16193,18868,1
25,38,18854,18943,1
25,127,18854,18915,1
26,57,16399,18944,1
26,931,16399,19127,1
27,500,16840,20105,1
28,9,18836,18763,1
28,18,18836,16841,1
29,17,16838,18725,1
29,187,16838,11230,1
30,102,18697,18104,1
31,202,18721,11298,1
31,290,18721,11423,1
32,144,11091,15792,1
33,55,18859,20725,1
33,89,18859,16156,1
34,501,16399,15403,1
36,24,18855,16193,1
36,733,18855,19887,2
37,453,18728,20098,2
38,25,18943,18854,1
38,249,18943,20360,1
38,372,18943,11643,1
39,83,18746,11121,1
39,206,18746,18868,1
39,213,18746,18268,1
39,506,18746,20020,2
40,127,18740,18915,1
40,507,18740,12052,1
41,38,18854,18943,1
41,111,18854,11156,1
42,144,18961,15792,1
43,104,11091,20730,1
43,116,11091,15127,1
43,332,11091,11513,1
44,285,18858,11445,1
44,386,18858,16711,1
44,504,18858,15135,1
44,730,18858,12622,2
45,269,18859,11395,2
45,275,18859,20389,1
46,14,16398,18826,1
46,258,16398,19650,2
49,138,18984,18995,1
49,157,18984,18992,1
49,249,18984,20360,1
50,30,11111,18697,1
50,42,11111,18961,1
50,79,11111,18110,1
50,89,11111,16156,1
50,1226,11111,18713,1
52,1143,18865,19409,2
53,186,15690,15788,1
53,243,15690,11347,1
55,60,20725,18942,1
55,109,20725,11152,1
55,201,20725,11322,1
55,337,20725,17951,1
57,27,18944,16840,1
57,338,18944,11536,1
57,546,18944,19785,1
58,1235,18699,13548,2
59,17,16783,18725,1
59,139,16783,19603,1
59,142,16783,18974,1
60,1,18942,20404,1
61,175,11333,18930,1
61,198,11333,19596,1
61,306,11333,11459,1
61,350,11333,15430,1
61,755,11333,19455,1
61,756,11333,19455,1
61,787,11333,19457,1
63,45,11099,18859,1
63,243,11099,11347,1
63,314,11099,11442,1
68,201,11136,11322,1
69,128,11137,19007,1
69,179,11137,19610,1
70,76,18860,11105,1
71,77,18434,18104,1
71,150,18434,19620,1
71,175,18434,18930,1
71,282,18434,20361,1
71,306,18434,11459,1
71,350,18434,15430,1
71,1123,18434,13324,1
72,30,20574,18697,1
72,89,20574,16156,1
72,285,20574,11445,1
72,1338,20574,13784,2
73,211,18940,18866,1
73,338,18940,11536,1
73,473,18940,16976,1
73,744,18940,12553,1
73,1015,18940,13359,1
74,49,18989,18984,1
74,482,18989,11941,1
75,546,18911,19785,1
76,105,11105,17765,1
76,132,11105,11188,1
76,174,11105,19624,1
76,229,11105,18277,1
76,275,11105,20389,1
76,680,11105,18715,1
76,913,11105,12937,1
77,101,18104,18958,1
79,104,18110,20730,1
79,194,18110,18178,1
79,217,18110,18274,1
79,355,18110,11552,1
79,1012,18110,13149,1
81,63,19007,11099,1
81,96,19007,15676,1
81,143,19007,18994,1
81,147,19007,11332,1
81,163,19007,19000,1
81,176,19007,18978,1
81,235,19007,11301,1
81,268,19007,11377,1
82,419,11121,16700,1
84,1492,19612,14205,1
84,1547,19612,14365,1
85,26,20701,16399,1
86,78,20701,15781,1
87,79,18468,18110,1
87,117,18468,15127,1
87,189,18468,18896,1
87,241,18468,18322,1
87,257,18468,18143,1
87,794,18468,19955,1
88,24,18947,16193,1
88,1599,18947,10939,1
89,24,16156,16193,1
89,50,16156,11111,1
89,72,16156,20574,1
89,87,16156,18468,1
89,143,16156,18994,1
89,147,16156,11332,1
89,189,16156,18896,1
91,206,18921,18868,1
91,269,18921,11395,1
91,270,18921,11372,1
91,348,18921,11582,1
93,238,18975,11342,1
93,1686,18975,16539,1
94,280,20703,11397,1
94,328,20703,19643,1
95,211,11135,18866,1
96,225,15676,17826,1
97,17,19605,18725,1
97,52,19605,18865,2
100,485,11176,20024,2
100,1009,11176,17937,1
100,1706,11176,16898,2
101,50,18958,11111,1
101,160,18958,15450,1
101,229,18958,18277,1
101,1699,18958,20424,1
102,30,18104,18697,1
102,118,18104,15673,1
102,281,18104,11386,1
102,608,18104,18715,1
103,138,19605,18995,1
103,183,19605,11273,1
103,270,19605,11372,1
104,73,20730,18940,1
104,744,20730,12553,1
105,20,17765,11056,1
105,36,17765,18855,1
105,61,17765,11333,1
108,219,19613,11308,1
108,235,19613,11301,1
108,1637,19613,14955,2
109,17,11152,18725,1
109,133,11152,19001,1
109,168,11152,11218,1
109,186,11152,15788,1
109,187,11152,11230,1
109,239,11152,19012,1
109,267,11152,11372,1
109,630,11152,12325,1
110,50,19002,11111,1
110,169,19002,11250,1
110,182,19002,11290,1
110,187,19002,11230,1
110,375,19002,20699,1
110,1528,19002,17833,1
111,76,11156,11105,1
111,132,11156,11188,1
111,212,11156,18979,1
111,322,11156,15016,1
111,342,11156,11578,1
111,403,11156,16702,1
111,742,11156,12663,1
111,1693,11156,16925,1
112,376,18913,11634,1
113,575,18976,12155,1
114,101,20574,18958,1
114,167,20574,18898,1
117,206,15127,18868,1
118,405,15673,20057,1
118,565,15673,19987,1
119,29,15673,16838,1
119,211,15673,18866,2
119,790,15673,12729,1
123,1398,18991,17444,1
124,1699,19002,20424,2
127,8,18915,18789,1
127,55,18915,20725,1
127,101,18915,18958,1
127,206,18915,18868,1
127,806,18915,12735,1
128,63,19007,11099,1
128,191,19007,11232,1
128,231,19007,19668,1
129,97,11190,19605,1
129,127,11190,18915,1
130,254,11190,11375,1
132,18,11188,16841,1
132,244,11188,20295,1
133,189,19001,18896,1
133,255,19001,19664,1
133,328,19001,19643,1
135,275,19636,20389,1
135,522,19636,11802,1
135,913,19636,12937,1
136,17,19602,18725,1
136,272,19602,15772,1
137,6,16852,18825,1
138,515,18995,18879,1
138,573,18995,20036,1
138,1686,18995,16539,1
139,17,19603,18725,1
140,41,18217,18854,1
140,1305,18217,13740,1
142,143,18974,18994,1
142,171,18974,19004,1
142,270,18974,11372,1
142,482,18974,11941,1
142,1294,18974,19032,1
142,1372,18974,14010,1
142,1439,18974,18000,1
143,1502,18994,14217,2
144,61,15792,11333,1
144,528,15792,19999,1
144,798,15792,15496,1
145,157,11243,18992,1
145,169,11243,11250,1
145,261,11243,11376,1
145,367,11243,19690,1
145,903,11243,19180,1
146,298,17594,11426,1
147,279,11332,16741,2
147,303,11332,20364,1
150,227,19620,11303,1
150,1685,19620,16539,1
152,913,19614,12937,1
156,97,11216,19605,1
156,163,11216,19000,1
156,228,11216,16745,1
157,49,18992,18984,1
157,211,18992,18866,1
157,329,18992,11513,1
157,1074,18992,13286,1
157,1206,18992,18036,1
158,132,11210,11188,2
158,157,11210,18992,1
158,421,11210,16787,1
159,76,11222,11105,1
160,101,15450,18958,1
160,285,15450,11445,1
162,191,19637,11232,1
162,193,19637,11255,1
162,888,19637,12877,1
163,1467,19000,14186,1
165,89,18936,16156,1
167,245,18898,18892,1
167,391,18898,20347,1
168,57,11218,18944,1
168,108,11218,19613,1
168,158,11218,11210,1
168,303,11218,20364,1
168,478,11218,11913,1
168,1070,11218,15498,1
168,1294,11218,19032,1
169,1665,11250,16914,1
170,84,19595,19612,1
170,206,19595,18868,1
171,57,19004,18944,1
171,216,19004,20281,1
175,61,18930,11333,1
175,71,18930,18434,2
175,521,18930,12114,1
175,1624,18930,14600,1
178,235,19634,11301,1
178,913,19634,12937,1
179,211,19610,18866,1
179,383,19610,11702,1
180,36,16448,18855,1
180,71,16448,18434,1
180,89,16448,16156,1
181,350,11312,15430,1
181,778,11312,12831,1
182,142,11290,18974,1
182,222,11290,18078,1
182,312,11290,17784,1
183,40,11273,18740,1
183,111,11273,11156,1
183,1034,11273,13227,1
184,1381,18996,13960,1
185,183,19609,11273,1
186,39,15788,18746,1
186,53,15788,15690,1
186,206,15788,18868,1
186,268,15788,11377,1
186,592,15788,19512,2
186,594,15788,12321,1
187,78,11230,15781,1
187,129,11230,11190,1
187,206,11230,18868,1
187,249,11230,20360,1
187,257,11230,18143,1
187,267,11230,11372,1
188,441,11267,11794,1
189,71,18896,18434,1
189,229,18896,18277,1
189,285,18896,11445,1
189,333,18896,11467,1
191,63,11232,11099,1
191,157,11232,18992,2
191,187,11232,11230,1
191,291,11232,19592,1
192,168,15733,11218,1
192,187,15733,11230,1
192,351,15733,17684,1
192,369,15733,19020,1
192,441,15733,11794,1
193,97,11255,19605,1
193,441,11255,11794,1
193,931,11255,19127,1
194,733,18178,19887,2
196,157,11341,18992,1
197,38,11289,18943,1
197,168,11289,11218,1
197,962,11289,19853,1
198,1686,19596,16539,1
199,18,19008,16841,1
199,166,19008,19639,1
199,189,19008,18896,1
199,441,19008,11794,1
199,1144,19008,19581,1
201,45,11322,18859,1
201,132,11322,11188,1
201,288,11322,19692,1
201,370,11322,19713,1
201,995,11322,19281,1
202,101,11298,18958,1
202,133,11298,19001,1
202,294,11298,19661,1
202,360,11298,11623,1
202,1515,11298,14275,1
206,228,18868,16745,1
206,280,18868,11397,1
206,303,18868,20364,1
206,340,18868,20345,1
206,372,18868,11643,1
206,411,18868,11782,1
206,841,18868,15308,1
206,1062,18868,19076,1
206,1308,18868,17895,2
210,102,16152,18104,1
210,243,16152,11347,1
210,285,16152,11445,2
210,350,16152,15430,2
210,463,16152,12500,1
210,734,16152,12635,1
210,1035,16152,13234,1
210,1624,16152,14600,1
211,57,18866,18944,1
211,60,18866,18942,1
211,61,18866,11333,1
211,71,18866,18434,1
211,199,18866,19008,1
211,209,18866,18284,1
211,333,18866,11467,2
211,386,18866,16711,1
211,411,18866,11782,1
211,525,18866,12139,1
211,527,18866,12115,1
211,1186,18866,15709,1
211,1269,18866,13629,1
211,1323,18866,13733,1
211,1618,18866,14565,1
212,192,18979,15733,1
212,291,18979,19592,1
213,1311,18268,13708,1
214,18,11317,16841,1
214,270,11317,11372,1
214,1555,11317,14342,1
214,1674,11317,14667,2
216,49,20281,18984,1
216,167,20281,18898,1
216,283,20281,19647,1
216,436,20281,11825,1
216,660,20281,17704,1
216,1269,20281,13629,1
217,71,18274,18434,1
217,249,18274,20360,1
219,193,11308,11255,1
219,291,11308,19592,1
219,571,11308,16785,1
219,1579,11308,14383,1
220,323,19594,11472,1
224,97,11317,19605,1
224,352,11317,11564,1
224,1294,11317,19032,1
225,109,17826,11152,1
225,206,17826,18868,3
225,249,17826,20360,1
225,411,17826,11782,1
225,820,17826,12158,1
225,885,17826,12913,1
226,73,20388,18940,1
227,192,11303,15733,1
227,725,11303,15499,1
228,206,16745,18868,2
229,127,18277,18915,1
229,189,18277,18896,1
229,281,18277,11386,1
229,326,18277,11449,1
229,465,18277,19753,1
229,539,18277,12132,1
229,833,18277,19192,1
229,1468,18277,17881,1
230,186,18892,15788,1
230,206,18892,18868,1
230,373,18892,11667,1
230,383,18892,11702,1
231,342,19668,11578,1
232,129,20456,11190,1
233,1245,19607,13595,1
235,351,11301,17684,1
235,452,11301,18309,1
235,482,11301,11941,1
235,1605,11301,10763,1
236,459,11339,20079,1
237,249,20457,20360,1
239,111,19012,11156,1
239,192,19012,15733,1
239,219,19012,11308,1
239,254,19012,11375,2
239,406,19012,19026,1
239,900,19012,15723,1
239,1070,19012,15498,1
239,1561,19012,14423,2
240,946,15796,13060,1
241,71,18322,18434,1
241,119,18322,15673,1
241,267,18322,11372,1
241,803,18322,16409,1
242,103,19635,19605,1
242,323,19635,11472,1
243,206,11347,18868,1
243,249,11347,20360,1
243,321,11347,19698,1
244,81,20295,19007,1
244,104,20295,20730,1
244,354,20295,11581,1
244,361,20295,19712,1
244,372,20295,11643,1
244,1143,20295,19409,1
244,1554,20295,14352,1
245,77,18892,18104,1
245,306,18892,11459,1
245,316,18892,16725,1
245,666,18892,12491,1
246,730,11327,12622,2
246,916,11327,12971,1
246,1193,11327,18635,1
247,145,11340,11243,1
248,379,19651,19835,1
249,213,20360,18268,1
249,264,20360,16737,1
249,348,20360,11582,1
249,424,20360,20313,1
249,463,20360,12500,1
249,733,20360,19887,4
249,1646,20360,16339,1
250,75,20302,18911,1
250,206,20302,18868,1
250,339,20302,11524,1
250,351,20302,17684,1
250,359,20302,11568,1
250,954,20302,19126,1
250,1143,20302,19409,1
250,1473,20302,14195,1
251,42,20247,18961,1
251,670,20247,12505,1
253,235,11374,11301,1
253,452,11374,18309,1
253,462,11374,19754,1
253,880,11374,19861,1
254,206,11375,18868,1
256,1695,17824,16470,1
257,61,18143,11333,1
257,87,18143,18468,1
257,101,18143,18958,1
257,180,18143,16448,1
257,811,18143,19206,1
258,129,19650,11190,1
261,199,11376,19008,1
261,236,11376,11339,1
262,206,11378,18868,1
262,424,11378,20313,2
262,737,11378,12620,1
262,895,11378,12948,1
264,128,16737,19007,1
264,206,16737,18868,1
264,302,16737,19659,1
265,232,19662,20456,1
267,355,11372,11552,1
267,520,11372,16017,1
267,600,11372,12354,1
267,850,11372,19526,1
268,138,11377,18995,1
268,239,11377,19012,1
268,243,11377,11347,1
268,303,11377,20364,1
268,485,11377,20024,2
268,1661,11377,14653,1
269,246,11395,11327,2
269,352,11395,11564,1
269,354,11395,11581,1
269,380,11395,20119,1
269,965,11395,13092,1
269,992,11395,15124,1
269,1143,11395,19409,10
269,1233,11395,13534,1
269,1299,11395,13682,1
269,1384,11395,13970,1
269,1512,11395,14274,1
269,1521,11395,10890,2
270,175,11372,18930,1
270,244,11372,20295,1
270,264,11372,16737,1
270,372,11372,11643,1
270,383,11372,11702,2
270,451,11372,16978,1
270,630,11372,12325,1
271,441,19589,11794,1
272,111,15772,11156,1
272,138,15772,18995,1
272,192,15772,15733,1
272,220,15772,19594,1
272,441,15772,11794,1
272,452,15772,18309,1
272,466,15772,12033,1
272,522,15772,11802,1
272,1515,15772,14275,1
273,306,18897,11459,1
275,127,20389,18915,1
275,206,20389,18868,1
275,210,20389,16152,1
275,282,20389,20361,1
275,372,20389,11643,1
275,436,20389,11825,1
275,459,20389,20079,1
275,595,20389,16242,1
276,282,19656,20361,2
279,1037,16741,13218,1
279,1358,16741,13840,1
279,1431,16741,17989,2
279,1435,16741,14110,1
279,1678,16741,14612,1
280,101,11397,18958,1
280,211,11397,18866,1
280,246,11397,11327,1
280,383,11397,11702,1
280,427,11397,16693,1
280,554,11397,19765,1
280,1143,11397,19409,1
280,1539,11397,18359,1
281,9,11386,18763,1
281,87,11386,18468,1
281,383,11386,11702,1
281,386,11386,16711,3
281,392,11386,11711,1
281,411,11386,11782,1
281,491,11386,12014,1
281,684,11386,12511,1
281,914,11386,12937,1
281,1139,11386,15567,1
281,1143,11386,19409,4
281,1226,11386,18713,1
281,1236,11386,15606,1
281,1269,11386,13629,3
281,1294,11386,19032,1
281,1299,11386,13682,1
281,1305,11386,13740,1
281,1453,11386,14181,1
281,1680,11386,14673,1
285,210,11445,16152,2
285,282,11445,20361,1
285,350,11445,15430,3
287,199,11376,19008,1
287,460,11376,16684,1
289,186,19648,15788,1
289,330,19648,11502,1
289,504,19648,15135,1
289,1685,19648,16539,1
290,375,11423,20699,1
291,369,19592,19020,1
291,382,19592,19718,1
291,439,19592,19025,1
291,715,19592,12617,2
291,1028,19592,16629,1
291,1515,19592,14275,1
291,1699,19592,20424,1
292,272,11412,15772,1
292,1632,11412,16606,2
294,242,19661,19635,1
294,394,19661,11697,1
294,700,19661,12568,2
297,33,11414,18859,1
297,110,11414,19002,2
297,129,11414,11190,1
297,372,11414,11643,1
297,384,11414,11714,1
297,630,11414,12325,1
297,1385,11414,10921,1
298,123,11426,18991,1
298,170,11426,19595,1
298,312,11426,17784,1
298,1143,11426,19409,3
298,1677,11426,14651,1
299,123,20617,18991,1
299,162,20617,19637,1
299,206,20617,18868,1
299,303,20617,20364,1
299,321,20617,19698,1
299,459,20617,20079,1
299,482,20617,11941,1
299,485,20617,20024,2
299,504,20617,15135,1
299,642,20617,12392,1
299,666,20617,12491,1
299,684,20617,12511,1
299,698,20617,12546,1
299,730,20617,12622,1
299,856,20617,12796,1
299,972,20617,15832,1
299,1042,20617,13189,1
299,1065,20617,13258,1
299,1116,20617,15576,1
299,1163,20617,18657,1
299,1167,20617,15566,1
299,1174,20617,17476,3
299,1178,20617,19401,1
299,1299,20617,13682,3
299,1336,20617,13846,2
299,1374,20617,13964,1
299,1607,20617,14512,1
299,1612,20617,18388,1
299,1656,20617,14641,1
299,1687,20617,14669,1
301,43,16724,11091,1
301,140,16724,18217,1
301,1638,16724,20640,1
302,111,19659,11156,1
302,206,19659,18868,1
302,437,19659,16758,1
303,273,20364,18897,1
303,970,20364,12258,1
303,1496,20364,14224,1
304,142,15055,18974,1
304,1139,15055,15567,1
306,24,11459,16193,1
306,189,11459,18896,1
306,249,11459,20360,1
306,270,11459,11372,1
306,344,11459,15426,1
306,345,11459,15426,1
306,946,11459,13060,1
308,807,18902,12690,1
309,206,15329,18868,1
309,225,15329,17826,1
309,650,15329,15743,1
309,1249,15329,13593,1
310,6,11472,18825,1
310,250,11472,20302,1
310,316,11472,16725,1
313,73,11490,18940,1
313,405,11490,20057,1
313,826,11490,12849,1
313,1289,11490,15447,1
315,104,20377,20730,1
316,206,16725,18868,1
316,769,16725,12691,1
316,1060,16725,15457,2
316,1640,16725,14633,1
317,465,19701,19753,1
318,89,20214,16156,1
318,125,20214,19005,1
318,206,20214,18868,2
318,303,20214,20364,1
318,441,20214,11794,1
318,523,20214,20418,1
318,1315,20214,13724,1
320,206,20232,18868,1
320,730,20232,12622,1
320,733,20232,19887,2
320,767,20232,16801,1
321,211,19698,18866,1
322,351,15016,17684,1
323,202,11472,11298,1
323,440,11472,19028,1
324,1685,11494,16539,1
326,465,11449,19753,1
326,1246,11449,13538,1
326,1647,11449,14723,1
328,171,19643,19004,1
330,225,11502,17826,1
330,1332,11502,13841,1
332,29,11513,16838,1
332,524,11513,16668,1
333,145,11467,11243,1
333,211,11467,18866,1
333,216,11467,20281,1
333,970,11467,12258,1
335,260,11501,11302,1
335,283,11501,19647,1
336,144,11498,15792,1
336,829,11498,12522,1
336,1622,11498,18395,1
337,292,17951,11412,1
337,297,17951,11414,1
338,156,11536,11216,1
339,53,11524,15690,1
339,188,11524,11267,1
339,299,11524,20617,1
339,328,11524,19643,1
340,179,20345,19610,1
340,1431,20345,17989,1
342,105,11578,17765,1
342,424,11578,20313,1
343,1114,11541,19435,2
343,1150,11541,19435,2
344,411,15426,11782,1
344,482,15426,11941,1
344,602,15426,16973,1
345,189,15426,18896,1
347,382,20218,19718,1
350,146,15430,17594,1
350,181,15430,11312,2
350,210,15430,16152,2
350,326,15430,11449,1
350,344,15430,15426,1
350,1294,15430,19032,1
350,1391,15430,19337,1
351,192,17684,15733,2
351,206,17684,18868,1
351,239,17684,19012,1
351,291,17684,19592,1
351,439,17684,19025,1
351,674,17684,12486,1
351,1399,17684,14020,1
351,1614,17684,18598,1
352,87,11564,18468,1
352,206,11564,18868,1
352,272,11564,15772,1
353,72,11572,20574,1
353,87,11572,18468,1
353,175,11572,18930,1
353,189,11572,18896,1
353,354,11572,11581,1
353,473,11572,16976,1
354,102,11581,18104,1
354,272,11581,15772,1
354,303,11581,20364,1
354,941,11581,13017,1
354,1609,11581,14508,1
355,1687,11552,14669,1
356,14,11572,18826,1
356,313,11572,11490,1
356,1042,11572,13189,1
359,42,11568,18961,1
359,206,11568,18868,1
360,211,11623,18866,1
361,71,19712,18434,1
361,201,19712,11322,1
361,530,19712,12149,1
361,833,19712,19192,1
362,506,20350,20020,1
363,466,20350,12033,1
364,1439,16712,18000,1
365,206,20204,18868,1
365,282,20204,20361,1
365,466,20204,12033,1
365,1242,20204,13587,1
366,271,19029,19589,1
366,452,19029,18309,1
367,269,19690,11395,1
369,239,19020,19012,1
369,366,19020,19029,1
369,1624,19020,14600,1
370,261,19713,11376,1
370,1118,19713,15576,1
370,1290,19713,13591,1
372,411,11643,11782,1
372,946,11643,13060,1
372,1436,11643,18599,1
373,210,11667,16152,1
373,218,11667,18274,1
373,249,11667,20360,1
373,884,11667,19848,1
373,1006,11667,13153,1
373,1037,11667,13218,1
374,1321,16098,13731,1
375,519,20699,19840,1
375,1377,20699,18606,1
375,1687,20699,14669,1
376,466,11634,12033,1
377,267,11643,11372,1
377,411,11643,11782,1
377,473,11643,16976,1
378,236,19696,11339,1
378,328,19696,19643,1
378,484,19696,11927,1
379,604,19835,15415,1
379,1482,19835,20544,2
380,379,20119,19835,2
380,467,20119,11906,1
380,1696,20119,14714,1
381,429,11657,19835,1
381,1136,11657,19583,1
382,169,19718,11250,1
382,187,19718,11230,1
382,227,19718,11303,1
382,270,19718,11372,1
382,416,19718,11810,1
382,491,19718,12014,1
383,30,11702,18697,1
383,189,11702,18896,1
383,206,11702,18868,1
383,267,11702,11372,1
383,285,11702,11445,1
383,539,11702,12132,1
383,555,11702,20473,1
383,1509,11702,14288,1
386,187,16711,11230,1
386,278,16711,11371,1
386,298,16711,11426,1
386,299,16711,20617,1
386,453,16711,20098,1
386,516,16711,15417,1
386,803,16711,16409,1
386,881,16711,12895,1
386,979,16711,13145,1
389,279,20342,16741,1
389,281,20342,11386,1
389,1622,20342,18395,1
390,226,11730,20388,1
390,534,11730,20133,1
390,588,11730,19900,1
391,345,20347,15426,1
391,734,20347,12635,1
391,1633,20347,11453,1
392,376,11711,11634,1
392,1461,11711,17996,1
392,1603,11711,14488,1
393,206,11697,18868,1
393,429,11697,19835,1
395,270,19022,11372,1
395,725,19022,15499,1
395,756,19022,19455,1
398,434,11725,16787,1
400,41,11735,18854,1
400,118,11735,15673,1
403,528,16702,19999,1
403,1299,16702,13682,1
403,1401,16702,14018,1
403,1439,16702,18000,1
404,389,11756,20342,1
406,193,19026,11255,1
406,235,19026,11301,1
406,1685,19026,16539,1
407,1175,11768,13453,1
407,1584,11768,14439,1
407,1679,11768,15253,1
409,102,17542,18104,1
409,350,17542,15430,1
409,503,17542,20420,1
409,599,17542,12308,4
410,491,19835,12014,1
410,492,19835,11795,1
410,541,19835,12016,1
411,249,11782,20360,1
411,270,11782,11372,1
411,285,11782,11445,1
411,447,11782,16683,1
411,473,11782,16976,1
411,540,11782,12263,1
411,595,11782,16242,1
411,745,11782,17294,1
411,1661,11782,14653,1
414,206,20155,18868,1
414,267,20155,11372,1
414,281,20155,11386,1
414,342,20155,11578,1
414,1360,20155,13916,1
416,211,11810,18866,1
416,361,11810,19712,1
416,1299,11810,13682,1
419,399,16700,11731,1
419,1279,16700,17917,1
419,1487,16700,13955,1
424,467,20313,11906,1
424,1082,20313,15714,1
424,1145,20313,19158,1
424,1579,20313,14383,1
424,1673,20313,20648,1
424,1699,20313,20424,1
425,213,20120,18268,1
426,434,11805,16787,1
427,554,16693,19765,1
427,730,16693,12622,1
429,434,19835,16787,1
429,445,19835,19833,1
432,322,16786,15016,1
432,412,16786,11794,1
439,123,19025,18991,1
439,694,19025,12564,1
439,725,19025,15499,1
441,192,11794,15733,1
441,272,11794,15772,1
441,351,11794,17684,1
441,375,11794,20699,1
441,439,11794,19025,1
441,440,11794,19028,1
441,880,11794,19861,1
441,1007,11794,13153,1
445,429,19833,19835,1
446,217,20077,18274,1
446,562,20077,12239,1
448,229,11839,18277,1
448,467,11839,11906,1
451,102,16978,18104,1
451,206,16978,18868,1
451,1107,16978,19096,1
452,128,18309,19007,1
452,272,18309,15772,1
452,366,18309,19029,1
452,725,18309,15499,1
452,1402,18309,14001,1
452,1602,18309,14487,1
453,127,20098,18915,1
453,206,20098,18868,1
453,639,20098,12444,1
453,1068,20098,16628,1
453,1165,20098,19153,1
456,87,16674,18468,1
459,24,20079,16193,1
459,622,20079,19903,1
459,733,20079,19887,1
459,1707,20079,20423,1
462,620,19754,12336,1
463,165,12500,18936,1
463,249,12500,20360,1
465,1185,19753,17418,1
465,1426,19753,15837,1
465,1613,19753,14497,1
466,362,12033,20350,1
467,439,11906,19025,1
467,639,11906,12444,1
467,641,11906,20496,1
468,106,12034,18951,1
468,275,12034,20389,1
470,264,20066,16737,2
470,393,20066,11697,1
471,1257,20034,19084,1
472,1348,20066,13885,1
473,210,16976,16152,1
473,344,16976,15426,1
473,373,16976,11667,1
473,602,16976,16973,1
473,680,16976,18715,1
473,803,16976,16409,1
482,344,11941,15426,1
482,575,11941,12155,1
482,759,11941,12691,1
482,889,11941,17318,1
482,1204,11941,13493,1
484,16,11927,18725,1
484,378,11927,19696,1
485,1489,20024,17879,2
485,1502,20024,14217,2
490,270,11999,11372,1
490,1442,11999,14106,1
491,258,12014,19650,1
493,44,11999,18858,1
493,303,11999,20364,1
493,352,11999,11564,1
493,363,11999,20350,1
493,459,11999,20079,1
493,628,11999,12600,1
493,946,11999,13060,1
493,1122,11999,13379,1
493,1464,11999,14180,1
494,285,18880,11445,1
494,847,18880,12834,1
494,1419,18880,15546,1
497,1397,11993,17986,1
501,267,15403,11372,1
501,354,15403,11581,1
503,409,20420,17542,1
504,630,15135,12325,1
505,132,19019,11188,1
505,516,19019,15417,1
505,1685,19019,16539,1
506,206,20020,18868,1
506,269,20020,11395,2
506,497,20020,11993,1
506,1114,20020,19435,1
506,1613,20020,14497,2
507,734,12052,12635,1
510,443,20145,11788,1
515,383,18879,11702,1
515,651,18879,20496,1
516,254,15417,11375,1
516,941,15417,13017,1
519,369,19840,19020,1
520,272,16017,15772,1
520,335,16017,11501,1
520,763,16017,12734,1
521,175,12114,18930,1
522,725,11802,15499,1
522,746,11802,12522,1
523,628,20418,12600,1
527,124,12115,19002,1
527,330,12115,11502,1
528,144,19999,15792,1
528,280,19999,11397,1
528,320,19999,20232,1
528,336,19999,11498,1
528,636,19999,12312,1
528,730,19999,12622,1
528,1604,19999,16142,1
530,642,12149,12392,1
530,1231,12149,11779,1
532,97,12154,19605,1
532,1386,12154,13992,1
534,402,20133,11760,1
534,1461,20133,17996,2
535,1226,19768,18713,1
536,158,19517,11210,2
537,972,20004,15832,1
538,409,16953,17542,1
539,344,12132,15426,1
539,467,12132,11906,1
539,1451,12132,10772,1
539,1465,12132,18597,1
540,377,12263,11643,1
540,595,12263,16242,1
540,599,12263,12308,1
540,701,12263,12488,1
541,758,12016,19531,1
541,914,12016,12937,1
546,1480,19785,14635,1
546,1622,19785,18395,1
554,822,19765,12849,1
554,1640,19765,14633,1
556,1294,16788,19032,1
563,206,19904,18868,1
563,348,19904,11582,1
563,1547,19904,14365,1
565,898,19987,12947,1
566,17,16755,18725,1
566,1646,16755,16339,1
567,794,19997,19955,1
569,73,19929,18940,1
573,424,20036,20313,1
575,441,12155,11794,1
575,660,12155,17704,1
575,1453,12155,14181,1
580,719,18878,12538,1
581,491,12276,12014,1
581,886,12276,15163,1
581,908,12276,12966,1
581,972,12276,15832,1
587,186,12234,15788,2
587,191,12234,11232,1
587,482,12234,11941,1
589,639,20482,12444,1
592,506,19512,20020,2
594,486,12321,11985,1
595,181,16242,11312,1
595,229,16242,18277,1
595,250,16242,20302,1
595,270,16242,11372,1
595,482,16242,11941,1
595,524,16242,16668,1
595,1346,16242,13891,1
596,102,19990,18104,1
596,1235,19990,13548,2
597,504,12295,15135,1
597,1563,12295,10874,1
598,628,20131,12600,1
598,814,20131,17630,1
599,409,12308,17542,6
599,411,12308,11782,1
599,473,12308,16976,1
599,538,12308,16953,1
599,540,12308,12263,1
599,602,12308,16973,1
599,628,12308,12600,1
599,680,12308,18715,2
599,1226,12308,18713,1
600,534,12354,20133,1
602,228,16973,16745,1
602,473,16973,16976,2
602,599,16973,12308,5
602,608,16973,18715,1
602,620,16973,12336,1
602,709,16973,12601,1
602,1037,16973,13218,1
602,1092,16973,13324,1
604,301,15415,16724,1
605,348,16647,11582,1
605,1419,16647,15546,1
608,599,18715,12308,1
608,602,18715,16973,1
608,803,18715,16409,1
608,1473,18715,14195,1
616,657,16649,19879,1
616,1464,16649,14180,1
616,1668,16649,16914,1
617,216,19546,20281,1
617,798,19546,15496,1
617,1555,19546,14342,1
622,424,19903,20313,1
622,972,19903,15832,1
627,1707,19914,20423,1
628,599,12600,12308,2
628,889,12600,17318,1
628,1067,12600,13290,1
630,57,12325,18944,1
630,482,12325,11941,1
632,1231,12432,11779,1
636,836,12312,15186,1
636,1498,12312,10844,1
637,59,15134,16783,1
639,1699,12444,20424,1
641,943,20496,13030,1
641,1057,20496,18033,1
641,1120,20496,13395,1
642,89,12392,16156,1
644,1004,12382,19103,1
646,328,18875,19643,1
647,788,19896,12810,1
647,1229,19896,16830,1
651,463,20496,12500,1
651,639,20496,12444,1
651,673,20496,12507,1
651,1277,20496,13642,1
652,970,12403,12258,1
655,855,15472,12852,1
656,522,15471,11802,1
656,1686,15471,16539,1
657,636,19879,12312,1
657,946,19879,13060,1
659,1335,17704,13832,1
660,856,17704,12796,1
662,426,12470,11805,1
662,496,12470,11956,1
662,743,12470,12647,1
662,911,12470,13007,1
666,1175,12491,13453,1
666,1622,12491,18395,1
669,1321,12494,13731,1
670,249,12505,20360,1
670,901,12505,12982,1
670,1458,12505,17101,1
671,100,16442,11176,2
671,201,16442,11322,1
671,244,16442,20295,1
671,555,16442,20473,1
671,766,16442,17805,1
671,943,16442,13030,1
671,962,16442,19853,1
672,317,19991,19701,1
672,970,19991,12258,1
672,1006,19991,13153,1
673,424,12507,20313,1
673,651,12507,20496,1
673,749,12507,17685,1
673,1338,12507,13784,1
676,562,12747,12239,1
676,580,12747,18878,1
678,1624,12539,14600,1
679,262,17636,11378,2
680,560,18715,19527,1
680,599,18715,12308,2
680,1057,18715,18033,1
680,1123,18715,13324,1
682,1171,18715,19036,1
682,1493,18715,17558,1
683,541,12426,12016,1
685,1438,12532,15548,1
687,992,12424,15124,1
688,641,12547,20496,1
689,226,12560,20388,1
689,1612,12560,18388,1
690,111,12624,11156,1
690,138,12624,18995,1
694,524,12564,16668,1
698,291,12546,19592,1
701,855,12488,12852,1
701,1164,12488,13441,1
701,1224,12488,18659,1
702,900,12542,15723,1
704,966,17278,19221,1
709,373,12601,11667,1
709,540,12601,12263,1
709,602,12601,16973,1
709,719,12601,12538,1
709,755,12601,19455,1
709,947,12601,15937,1
714,1693,19550,16925,1
715,546,12617,19785,1
715,1711,12617,16382,2
716,1395,12597,14052,1
719,14,12538,18826,1
719,206,12538,18868,2
719,550,12538,12210,1
719,856,12538,12796,1
719,966,12538,19221,1
719,1258,12538,13607,1
720,1468,20448,17881,1
725,192,15499,15733,1
725,196,15499,11341,1
725,239,15499,19012,1
725,336,15499,11498,1
725,351,15499,17684,2
725,439,15499,19025,1
725,522,15499,11802,2
725,1156,15499,13422,1
725,1686,15499,16539,1
726,949,12626,19444,1
730,941,12622,13017,1
730,1407,12622,20451,1
730,1646,12622,16339,1
733,37,19887,18728,2
733,43,19887,11091,2
733,506,19887,20020,2
733,536,19887,19517,2
733,1461,19887,17996,2
733,1561,19887,14423,2
734,206,12635,18868,1
734,970,12635,12258,1
734,1364,12635,13964,1
734,1372,12635,14010,1
734,1429,12635,17977,1
735,153,15201,19675,2
741,1379,12642,19350,1
741,1385,12642,10921,1
742,383,12663,11702,1
742,992,12663,15124,1
742,1646,12663,16339,1
744,1350,12553,13877,2
745,514,17294,12059,1
745,673,17294,12507,1
746,845,12522,12813,1
749,644,17685,12382,1
750,518,19542,12030,1
755,329,19455,11513,1
755,733,19455,19887,2
755,1315,19455,13724,2
756,688,19455,12547,1
758,225,19531,17826,1
758,386,19531,16711,1
758,1620,19531,17128,1
759,662,12691,12470,1
759,1125,12691,13283,1
760,206,16660,18868,1
763,1454,12734,15552,1
766,102,17805,18104,1
766,1041,17805,19164,1
766,1316,17805,13726,1
766,1326,17805,13762,1
768,1024,12718,19300,1
769,488,12691,11946,1
769,1304,12691,13841,1
769,1485,12691,18581,1
776,280,16661,11397,2
777,882,17901,12953,1
778,595,12831,16242,1
778,948,12831,19185,1
778,1129,12831,13392,1
778,1519,12831,16577,1
778,1572,12831,18099,1
779,595,12731,16242,1
782,1646,15496,16339,1
783,265,19837,19662,1
784,830,12757,19488,1
787,61,19457,11333,1
787,465,19457,19753,1
788,285,12810,11445,1
789,724,19214,12628,1
789,946,19214,13060,1
789,965,19214,13092,1
790,976,12729,13140,1
794,617,19955,19546,1
794,1326,19955,13762,1
797,372,12741,11643,1
797,1697,12741,20424,1
798,211,15496,18866,1
798,353,15496,11572,1
798,446,15496,20077,1
798,523,15496,20418,1
798,882,15496,12953,1
798,1299,15496,13682,1
800,1282,12740,18612,1
800,1381,12740,13960,1
800,1625,12740,16131,1
800,1629,12740,16599,1
800,1655,12740,14649,1
803,285,16409,11445,1
803,409,16409,17542,1
803,608,16409,18715,1
803,1621,16409,17016,1
804,734,19533,12635,1
804,740,19533,17245,1
804,1289,19533,15447,1
811,1129,19206,13392,1
814,764,17630,16441,1
815,1669,17626,20426,1
816,884,12778,19848,1
818,451,12868,16978,1
818,1128,12868,13183,1
818,1161,12868,19059,1
818,1427,12868,17104,1
820,1677,12158,14651,1
828,70,19197,18860,1
828,1100,19197,13335,1
829,351,12522,17684,1
833,778,19192,12831,1
835,164,19889,18999,2
835,636,19889,12312,1
835,844,19889,12868,1
835,1193,19889,18635,1
836,31,15186,18721,2
836,516,15186,15417,1
836,1294,15186,19032,1
836,1680,15186,14673,1
838,207,12868,16941,1
838,599,12868,12308,1
839,1133,19865,13356,1
843,229,19211,18277,1
844,206,12868,18868,1
845,797,12813,12741,1
847,1587,12834,14425,1
849,1212,12923,14534,1
850,566,19526,16755,1
856,113,12796,18976,1
856,318,12796,20214,1
856,1455,12796,14150,1
857,1350,12862,13877,2
859,521,12851,12114,1
861,1699,19465,20424,1
863,206,19268,18868,1
863,315,19268,20377,1
865,210,12882,16152,1
870,102,19209,18104,1
870,1223,19209,13563,1
871,1511,16893,15550,1
872,534,13366,20133,1
877,144,12886,15792,1
877,687,12886,12424,1
877,1204,12886,13493,1
881,493,12895,11999,1
881,1035,12895,13234,1
882,391,12953,20347,1
882,883,12953,12954,1
882,967,12953,13094,1
882,1277,12953,13642,1
883,847,12954,12834,1
887,617,12877,19546,1
889,788,17318,12810,1
889,882,17318,12953,1
889,1398,17318,17444,1
891,232,19196,20456,2
895,630,12948,12325,1
901,329,12982,11513,1
901,828,12982,19197,1
901,992,12982,15124,1
901,1016,12982,19166,1
901,1258,12982,13607,1
901,1487,12982,13955,1
906,1684,15641,16375,1
908,1673,12966,20648,1
910,839,19473,19865,1
912,1424,13007,14088,1
913,135,12937,19636,1
913,206,12937,18868,1
914,281,12937,11386,1
915,605,12526,16647,1
916,797,12971,12741,1
937,193,15490,11255,1
938,382,13018,19718,1
939,403,13131,16702,1
941,460,13017,16684,1
941,1336,13017,13846,1
941,1646,13017,16339,2
944,887,13050,12877,1
944,1035,13050,13234,1
945,1699,15758,20424,1
946,243,13060,11347,1
946,1147,13060,15762,1
946,1258,13060,13607,1
946,1439,13060,18000,1
946,1465,13060,18597,1
946,1646,13060,16339,1
947,676,15937,12747,1
947,1532,15937,14336,1
948,1103,19185,13367,1
948,1373,19185,19432,1
951,1492,19126,14205,1
956,386,17380,16711,1
962,168,19853,11218,1
962,1492,19853,14205,1
966,383,19221,11702,1
966,1712,19221,17198,1
970,211,12258,18866,1
970,255,12258,19664,2
970,1172,12258,18651,1
970,1404,12258,14033,1
970,1439,12258,18000,2
971,778,19221,12831,1
972,446,15832,20077,1
972,1194,15832,13470,1
974,37,13063,18728,1
975,1527,19266,14314,1
976,859,13140,12851,1
978,1537,13103,16129,1
979,595,13145,16242,1
982,704,13158,17278,1
983,803,19224,16409,1
983,1292,19224,13591,1
986,123,17375,18991,1
988,774,13128,19233,1
991,818,19172,12868,1
991,1346,19172,13891,1
995,538,19281,16953,1
995,1474,19281,14943,1
995,1615,19281,18569,1
996,1699,15492,20424,1
999,1171,13141,19036,1
1000,206,13129,18868,1
1000,662,13129,12470,1
1004,1192,19103,19141,1
1004,1216,19103,19091,1
1004,1305,19103,13740,1
1006,1697,13153,20424,1
1007,126,13153,19631,1
1009,693,17937,12554,2
1009,744,17937,12553,1
1009,785,17937,12716,1
1013,344,19066,15426,1
1013,682,19066,18715,1
1013,803,19066,16409,1
1013,1132,19066,13283,1
1013,1184,19066,13492,1
1013,1305,19066,13740,1
1015,1150,13359,19435,1
1017,1709,13167,16898,2
1019,906,13175,15641,1
1020,318,19839,20214,1
1024,1299,19300,13682,1
1026,1518,19554,20452,1
1030,1206,13088,18036,1
1030,1333,13088,13874,1
1030,1565,13088,17020,1
1031,441,18669,11794,1
1031,833,18669,19192,1
1035,637,13234,15134,1
1035,1062,13234,19076,1
1037,520,13218,16017,1
1037,742,13218,12663,1
1037,882,13218,12953,1
1037,1333,13218,13874,1
1037,1336,13218,13846,1
1037,1547,13218,14365,1
1040,1374,13260,13964,1
1042,709,13189,12601,1
1042,1697,13189,20424,1
1044,344,19070,15426,1
1044,1390,19070,14002,1
1048,847,13280,12834,1
1048,1304,13280,13841,1
1053,573,13248,20036,1
1053,662,13248,12470,1
1054,702,13254,12542,1
1054,1260,13254,17430,1
1055,748,16659,12681,1
1056,1186,19144,15709,1
1057,620,18033,12336,1
1057,1294,18033,19032,1
1057,1452,18033,14181,1
1059,1289,15457,15447,1
1063,1668,13258,16914,1
1063,1687,13258,14669,1
1064,411,14908,11782,1
1064,1133,14908,13356,1
1065,403,13258,16702,1
1065,1159,13258,17913,1
1067,554,13290,19765,1
1067,889,13290,17318,1
1067,1257,13290,19084,1
1067,1258,13290,13607,1
1070,272,15498,15772,1
1070,287,15498,11376,1
1070,1027,15498,18643,1
1070,1248,15498,10909,1
1070,1321,15498,13731,1
1070,1685,15498,16539,1
1071,581,13292,12276,1
1075,986,13223,17375,1
1076,546,13287,19785,1
1076,604,13287,15415,1
1080,1260,18013,17430,1
1082,229,15714,18277,1
1084,995,19071,19281,1
1084,1605,19071,10763,1
1085,911,19120,13007,1
1089,1132,13332,13283,2
1091,1504,13332,17025,1
1092,882,13324,12953,1
1094,985,19288,19856,1
1096,842,19587,12813,1
1100,628,13335,12600,1
1100,820,13335,12158,1
1100,1301,13335,13698,1
1102,1291,15459,15539,1
1107,1332,19096,13841,1
1107,1372,19096,14010,1
1107,1373,19096,19432,1
1116,1600,15576,14483,1
1117,439,13390,19025,1
1117,1356,13390,13897,1
1120,701,13395,12488,1
1120,1116,13395,15576,1
1120,1232,13395,13560,1
1124,709,13183,12601,1
1124,803,13183,16409,1
1127,734,19124,12635,1
1129,1372,13392,14010,1
1129,1569,13392,18588,1
1132,982,13283,13158,1
1132,1089,13283,13332,2
1132,1145,13283,19158,1
1132,1165,13283,19153,3
1133,639,13356,12444,1
1134,678,13378,12539,1
1134,969,13378,19481,1
1134,1147,13378,15762,1
1139,1156,15567,13422,1
1140,1198,18629,13525,1
1143,109,19409,11152,1
1143,202,19409,11298,1
1143,206,19409,18868,1
1143,244,19409,20295,1
1143,249,19409,20360,1
1143,269,19409,11395,12
1143,281,19409,11386,8
1143,297,19409,11414,2
1143,298,19409,11426,8
1143,299,19409,20617,5
1143,309,19409,15329,1
1143,320,19409,20232,1
1143,321,19409,19698,1
1143,343,19409,11541,1
1143,1174,19409,17476,1
1143,1269,19409,13629,1
1143,1336,19409,13846,1
1143,1664,19409,15251,1
1146,546,19158,19785,1
1146,1123,19158,13324,1
1146,1132,19158,13283,2
1147,1129,15762,13392,1
1147,1132,15762,13283,1
1147,1186,15762,15709,1
1149,1398,13391,17444,1
1149,1484,13391,14220,1
1149,1645,13391,20642,1
1149,1646,13391,16339,1
1156,138,13422,18995,1
1156,926,13422,19846,1
1156,1020,13422,19839,1
1156,1426,13422,15837,1
1161,947,19059,15937,1
1161,1486,19059,10884,1
1163,1006,18657,13153,1
1164,1350,13441,13877,1
1165,1132,19153,13283,1
1165,1322,19153,18607,1
1166,725,19582,15499,1
1166,1693,19582,16925,1
1168,901,13483,12982,1
1168,1013,13483,19066,1
1168,1416,13483,17519,1
1171,682,19036,18715,1
1171,947,19036,15937,1
1171,980,19036,13119,1
1171,1305,19036,13740,1
1171,1492,19036,14205,1
1171,1520,19036,15768,1
1171,1588,19036,14454,1
1174,1143,17476,19409,2
1175,1695,13453,16470,1
1176,1470,13462,14155,1
1181,42,13491,18961,1
1181,622,13491,19903,1
1181,970,13491,12258,1
1181,1177,13491,13426,1
1181,1579,13491,14383,1
1184,1133,13492,13356,1
1184,1426,13492,15837,1
1184,1478,13492,14234,1
1186,226,15709,20388,1
1186,539,15709,12132,1
1186,883,15709,12954,1
1186,1034,15709,13227,1
1186,1509,15709,14288,1
1191,29,19141,16838,1
1192,169,19141,11250,1
1192,1030,19141,13088,1
1194,856,13470,12796,2
1194,1429,13470,17977,1
1194,1646,13470,16339,1
1195,1356,17485,13897,1
1197,1020,17892,19839,1
1197,1290,17892,13591,1
1198,889,13525,17318,1
1198,1567,13525,15272,1
1206,675,18036,12492,1
1206,682,18036,18715,1
1207,1576,13480,14406,1
1211,343,13403,11541,2
1211,1310,13403,13736,2
1214,470,13511,20066,2
1217,1680,13526,14673,1
1217,1707,13526,20423,1
1220,1075,19588,13223,1
1221,562,13524,12239,1
1222,1492,13531,14205,1
1223,1006,13563,13153,1
1223,1132,13563,13283,1
1223,1534,13563,14358,1
1223,1564,13563,16593,1
1223,1569,13563,18588,1
1224,1395,18659,14052,1
1226,409,18713,17542,1
1226,602,18713,16973,1
1226,1412,18713,17548,1
1227,1013,19145,19066,1
1229,351,16830,17684,1
1229,1070,16830,15498,1
1229,1219,16830,16805,1
1229,1249,16830,13593,1
1229,1313,16830,16820,1
1232,1130,13560,13392,1
1232,1547,13560,14365,1
1233,400,13534,11735,1
1233,493,13534,11999,1
1233,1146,13534,19158,1
1233,1624,13534,14600,1
1235,108,13548,19613,2
1235,292,13548,11412,2
1235,1416,13548,17519,1
1236,1176,15606,13462,1
1236,1337,15606,19343,1
1244,856,13637,12796,1
1244,1449,13637,18005,1
1244,1476,13637,18009,1
1247,567,13629,19997,1
1248,302,10909,19659,1
1248,463,10909,12500,1
1248,528,10909,19999,1
1248,1668,10909,16914,1
1251,1622,13596,18395,1
1255,140,13629,18217,1
1255,847,13629,12834,1
1257,1013,19084,19066,1
1257,1301,19084,13698,1
1257,1378,19084,13964,1
1257,1417,19084,14052,1
1258,946,13607,13060,1
1258,1128,13607,13183,1
1258,1226,13607,18713,1
1258,1417,13607,14052,1
1261,1126,13696,13353,1
1262,741,16812,12642,1
1262,1290,16812,13591,1
1262,1299,16812,13682,1
1263,235,13606,11301,1
1263,1290,13606,13591,1
1265,94,13629,20703,1
1265,682,13629,18715,1
1266,1000,13614,13129,1
1269,1274,13629,18714,1
1269,1314,13629,18714,1
1270,656,13599,15471,1
1274,1647,18714,14723,1
1276,550,13667,12210,1
1277,595,13642,16242,1
1277,1015,13642,13359,1
1277,1638,13642,20640,1
1278,1117,19394,13390,1
1279,1220,17917,19588,1
1279,1439,17917,18000,1
1279,1621,17917,17016,1
1281,1645,17917,20642,1
1282,1360,18612,13916,1
1287,1308,16825,17895,1
1288,737,13639,12620,1
1289,219,15447,11308,1
1289,1599,15447,10939,1
1290,1197,13591,17892,1
1292,1037,13591,13218,1
1292,1620,13591,17128,1
1292,1689,13591,10897,1
1294,157,19032,18992,1
1294,206,19032,18868,1
1294,308,19032,18902,1
1294,915,19032,12526,1
1294,970,19032,12258,1
1294,1123,19032,13324,1
1294,1483,19032,17909,1
1294,1504,19032,17025,1
1296,451,18600,16978,1
1297,1527,13759,14314,1
1299,279,13682,16741,1
1299,281,13682,11386,1
1299,575,13682,12155,1
1299,740,13682,17245,1
1299,845,13682,12813,1
1299,1516,13682,15066,1
1301,662,13698,12470,1
1301,1006,13698,13153,1
1301,1186,13698,15709,1
1301,1400,13698,13972,1
1301,1435,13698,14110,1
1301,1588,13698,14454,1
1304,145,13841,11243,1
1304,235,13841,11301,1
1304,682,13841,18715,1
1304,1101,13841,13344,1
1304,1184,13841,13492,1
1304,1389,13841,14012,1
1304,1525,13841,14284,1
1305,345,13740,15426,1
1305,352,13740,11564,1
1305,885,13740,12913,1
1305,980,13740,13119,1
1305,982,13740,13158,1
1305,1044,13740,19070,1
1305,1226,13740,18713,1
1305,1621,13740,17016,1
1306,149,13706,19603,1
1308,226,17895,20388,2
1308,485,17895,20024,2
1308,1515,17895,14275,1
1309,1457,17436,14155,1
1309,1564,17436,16593,1
1310,485,13736,20024,2
1310,946,13736,13060,1
1311,528,13708,19999,1
1312,1400,13713,13972,1
1313,809,16820,12858,1
1313,962,16820,19853,1
1313,1229,16820,16830,2
1313,1385,16820,10921,1
1315,416,13724,11810,1
1315,733,13724,19887,2
1316,157,13726,18992,1
1316,1134,13726,13378,1
1321,856,13731,12796,1
1321,1156,13731,13422,1
1321,1646,13731,16339,1
1321,1685,13731,16539,1
1321,1699,13731,20424,1
1326,47,13762,18701,1
1326,466,13762,12033,1
1326,769,13762,12691,1
1326,983,13762,19224,1
1326,1521,13762,10890,1
1326,1620,13762,17128,1
1326,1707,13762,20423,1
1327,595,18604,16242,1
1333,441,13874,11794,1
1333,1326,13874,13762,1
1335,565,13832,19987,1
1336,671,13846,16442,1
1336,732,13846,12636,1
1336,1063,13846,13258,1
1337,1208,19343,16816,1
1337,1689,19343,10897,1
1338,269,13784,11395,2
1338,1346,13784,13891,1
1338,1492,13784,14205,1
1341,1166,19386,19582,1
1346,372,13891,11643,1
1346,1146,13891,19158,1
1346,1464,13891,14180,1
1346,1648,13891,14723,1
1346,1684,13891,16375,1
1348,298,13885,11426,1
1348,698,13885,12546,1
1348,1371,13885,19349,1
1350,209,13877,18284,2
1350,744,13877,12553,1
1350,1438,13877,15548,1
1350,1488,13877,17466,1
1352,403,13871,16702,1
1353,1670,13774,20648,1
1354,354,13774,11581,1
1355,1703,13774,16898,1
1356,1155,13897,17414,1
1358,1147,13840,15762,1
1358,1168,13840,13483,1
1360,1491,13916,15550,1
1360,1543,13916,18100,1
1361,1465,13882,18597,1
1365,734,19358,12635,1
1366,1685,13909,16539,1
1367,1001,18619,13114,1
1368,1226,13936,18713,1
1370,15,13911,16836,1
1370,131,13911,11173,1
1370,1357,13911,13867,1
1370,1622,13911,18395,2
1371,1547,19349,14365,1
1371,1703,19349,16898,1
1372,1056,14010,19144,1
1372,1067,14010,13290,1
1372,1206,14010,18036,1
1372,1226,14010,18713,1
1372,1269,14010,13629,1
1372,1452,14010,14181,1
1372,1453,14010,14181,1
1372,1493,14010,17558,1
1372,1504,14010,17025,1
1373,1647,19432,14723,1
1374,1294,13964,19032,1
1375,171,15632,19004,1
1376,1438,17979,15548,1
1380,81,14038,19007,2
1380,1434,14038,14139,1
1381,49,13960,18984,1
1381,452,13960,18309,1
1381,652,13960,12403,1
1381,1439,13960,18000,1
1381,1539,13960,18359,1
1381,1593,13960,14456,1
1381,1624,13960,14600,1
1381,1653,13960,20678,1
1382,1067,14008,13290,1
1383,366,10900,19029,1
1384,1559,13970,10874,1
1385,284,10921,19703,1
1385,479,10921,19829,1
1385,913,10921,12937,1
1385,937,10921,15490,1
1385,1313,10921,16820,1
1385,1343,10921,13865,1
1385,1685,10921,16539,1
1388,1260,16613,17430,1
1388,1440,16613,14143,1
1389,1699,14012,20424,1
1391,1604,19337,16142,1
1400,322,13972,15016,1
1400,725,13972,15499,1
1400,1555,13972,14342,1
1401,786,14018,20444,2
1401,1386,14018,13992,1
1401,1509,14018,14288,1
1402,1374,14001,13964,1
1404,628,14033,12600,1
1404,1439,14033,18000,1
1404,1685,14033,16539,1
1406,1139,14013,15567,1
1406,1171,14013,19036,1
1407,403,20451,16702,1
1407,1684,20451,16375,1
1408,1168,14029,13483,1
1410,1148,19339,13411,1
1410,1255,19339,13629,1
1410,1538,19339,14330,1
1411,1499,14041,16586,1
1411,1519,14041,16577,1
1412,1226,17548,18713,1
1413,843,17076,19211,1
1413,1067,17076,13290,1
1413,1294,17076,19032,1
1415,1551,14094,18074,1
1416,196,17519,11341,1
1416,272,17519,15772,1
1416,1129,17519,13392,1
1416,1458,17519,17101,1
1417,98,14052,15676,1
1421,719,14130,12538,1
1422,403,14071,16702,1
1424,1531,14088,10789,1
1426,216,15837,20281,1
1426,264,15837,16737,1
1426,887,15837,12877,1
1426,916,15837,12971,1
1427,1269,17104,13629,1
1427,1602,17104,14487,1
1429,1385,17977,10921,1
1429,1505,17977,20533,1
1429,1579,17977,14383,1
1430,1496,14026,14224,1
1431,55,17989,20725,2
1431,857,17989,12862,2
1432,901,14114,12982,1
1433,843,14114,19211,1
1435,1538,14110,14330,1
1436,1123,18599,13324,1
1438,1019,15548,13175,1
1439,1251,18000,13596,1
1439,1522,18000,14283,1
1439,1602,18000,14487,1
1439,1618,18000,14565,1
1439,1647,18000,14723,1
1440,1347,14143,18620,1
1440,1600,14143,14483,1
1441,743,14103,12647,1
1441,1547,14103,14365,1
1443,1460,14120,14131,1
1448,1685,15102,16539,1
1449,1404,18005,14033,1
1452,995,14181,19281,1
1452,1504,14181,17025,1
1453,1016,14181,19166,1
1453,1226,14181,18713,1
1453,1314,14181,18714,1
1453,1326,14181,13762,1
1455,914,14150,12937,1
1457,1557,14155,17910,1
1457,1699,14155,20424,1
1458,626,17101,12374,1
1458,1062,17101,19076,1
1458,1163,17101,18657,1
1458,1609,17101,14508,1
1461,192,17996,15733,1
1461,379,17996,19835,1
1463,1299,18481,13682,1
1464,1346,14180,13891,1
1464,1468,14180,17881,1
1465,1227,18597,19145,1
1465,1614,18597,18598,1
1466,247,14170,11340,1
1466,751,14170,12786,1
1466,1335,14170,13832,1
1467,602,14186,16973,1
1469,102,14197,18104,2
1469,700,14197,12568,2
1469,1251,14197,13596,1
1469,1646,14197,16339,2
1472,1644,14166,20672,1
1474,70,14943,18860,2
1474,734,14943,12635,1
1474,1589,14943,14393,1
1475,1305,17096,13740,1
1476,424,18009,20313,1
1476,1527,18009,14314,1
1476,1673,18009,20648,1
1478,190,14234,11286,2
1478,733,14234,19887,2
1478,1248,14234,10909,1
1478,1693,14234,16925,1
1480,1348,14635,13885,1
1480,1381,14635,13960,1
1480,1397,14635,17986,1
1480,1460,14635,14131,1
1481,1077,16585,13274,1
1481,1646,16585,16339,1
1482,1584,20544,14439,1
1483,1030,17909,13088,1
1483,1636,17909,16136,1
1485,1454,18581,15552,1
1486,787,10884,19457,1
1486,849,10884,12923,1
1486,1314,10884,18714,1
1486,1436,10884,18599,1
1486,1544,10884,20454,1
1486,1600,10884,14483,1
1487,803,13955,16409,1
1488,1596,17466,14475,1
1489,798,17879,15496,1
1489,808,17879,12728,2
1489,1421,17879,14130,1
1489,1539,17879,18359,1
1491,1294,15550,19032,1
1492,695,14205,19837,1
1492,734,14205,12635,1
1492,1402,14205,14001,1
1492,1561,14205,14423,1
1493,1483,17558,17909,1
1493,1596,17558,14475,1
1495,1309,14484,17436,1
1495,1618,14484,14565,1
1496,1430,14224,14026,1
1496,1680,14224,14673,1
1497,1311,14226,13708,1
1498,1396,10844,14049,1
1499,877,16586,12886,1
1499,1234,16586,10910,1
1499,1321,16586,13731,1
1500,1406,14251,14013,1
1501,1508,18594,17025,1
1502,288,14217,19692,2
1502,1125,14217,13283,1
1503,1294,10840,19032,1
1503,1593,10840,14456,1
1504,1104,17025,13345,1
1504,1372,17025,14010,1
1504,1452,17025,14181,1
1505,1381,20533,13960,1
1505,1407,20533,20451,1
1507,1294,14269,19032,1
1507,1493,14269,17558,1
1507,1614,14269,18598,1
1509,181,14288,11312,1
1509,1439,14288,18000,1
1509,1578,14288,14449,1
1509,1675,14288,16914,1
1515,202,14275,11298,1
1516,1465,15066,18597,1
1519,1429,16577,17977,1
1519,1583,16577,14416,1
1519,1707,16577,20423,1
1520,249,15768,20360,1
1520,602,15768,16973,1
1520,1565,15768,17020,1
1520,1602,15768,14487,1
1520,1633,15768,11453,1
1521,352,10890,11564,1
1521,1305,10890,13740,1
1524,946,14250,13060,1
1524,1071,14250,13292,1
1527,1355,14314,13774,1
1527,1581,14314,14392,1
1527,1593,14314,14456,1
1530,1316,14329,13726,1
1533,716,14312,12597,1
1534,272,14358,15772,1
1536,160,14302,15450,1
1537,615,16129,12363,1
1537,1524,16129,14250,1
1538,1509,14330,14288,1
1539,1605,18359,10763,1
1540,411,18588,11782,1
1540,1493,18588,17558,1
1540,1559,18588,10874,1
1540,1565,18588,17020,1
1544,1198,20454,13525,1
1544,1687,20454,14669,1
1547,372,14365,11643,1
1547,768,14365,12718,1
1547,1062,14365,19076,1
1547,1246,14365,13538,1
1547,1464,14365,14180,1
1547,1519,14365,16577,1
1547,1560,14365,14378,1
1547,1619,14365,14561,1
1547,1624,14365,14600,1
1550,1589,14369,14393,1
1551,1540,18074,18588,1
1551,1569,18074,18588,1
1554,795,14352,12726,1
1554,1624,14352,14600,1
1555,201,14342,11322,1
1555,1381,14342,13960,1
1555,1695,14342,16470,1
1555,1697,14342,20424,1
1556,249,16584,20360,2
1556,342,16584,11578,1
1556,1699,16584,20424,2
1557,1618,17910,14565,1
1558,1447,14366,14937,1
1558,1567,14366,15272,1
1559,1305,10874,13740,1
1559,1569,10874,18588,1
1560,676,14378,12747,1
1560,818,14378,12868,1
1562,1439,14361,18000,1
1562,1494,14361,18067,1
1563,1349,10874,19359,1
1563,1520,10874,15768,1
1565,1057,17020,18033,1
1565,1168,17020,13483,1
1565,1267,17020,13589,1
1565,1299,17020,13682,1
1565,1372,17020,14010,1
1565,1492,17020,14205,1
1565,1600,17020,14483,1
1566,1626,18360,14564,1
1567,1209,15272,13490,1
1567,1480,15272,14635,1
1567,1605,15272,10763,2
1567,1647,15272,14723,1
1567,1664,15272,15251,1
1568,1416,10796,17519,1
1568,1475,10796,17096,1
1568,1487,10796,13955,1
1568,1530,10796,14329,1
1569,1612,18588,18388,1
1572,1405,18099,13945,1
1573,1610,14399,14494,1
1577,1670,14346,20648,1
1579,1404,14383,14033,1
1579,1478,14383,14234,1
1579,1492,14383,14205,1
1579,1699,14383,20424,1
1579,1707,14383,20423,1
1580,1220,14459,19588,2
1580,1684,14459,16375,1
1580,1693,14459,16925,1
1581,482,14392,11941,1
1585,1646,14142,16339,1
1586,1468,18373,17881,1
1587,972,14425,15832,1
1588,1346,14454,13891,1
1588,1405,14454,13945,1
1588,1494,14454,18067,1
1588,1507,14454,14269,2
1589,1156,14393,13422,1
1590,932,17866,19563,1
1590,1684,17866,16375,1
1592,1226,18574,18713,1
1593,894,14456,19186,1
1593,1198,14456,13525,1
1593,1458,14456,17101,1
1593,1647,14456,14723,1
1596,1493,14475,17558,1
1598,1593,14886,14456,1
1598,1673,14886,20648,1
1599,725,10939,15499,1
1600,841,14483,15308,1
1600,1527,14483,14314,1
1602,1114,14487,19435,1
1602,1305,14487,13740,1
1602,1478,14487,14234,1
1602,1527,14487,14314,1
1602,1611,14487,16594,1
1603,1558,14488,14366,1
1603,1566,14488,18360,1
1604,908,16142,12966,1
1604,1194,16142,13470,1
1604,1555,16142,14342,1
1605,1625,10763,16131,1
1605,1699,10763,20424,1
1606,1492,14450,14205,1
1607,1251,14512,13596,1
1607,1646,14512,16339,1
1607,1699,14512,20424,2
1609,1305,14508,13740,1
1609,1408,14508,14029,1
1610,1445,14494,17908,1
1610,1508,14494,17025,1
1610,1652,14494,14959,1
1610,1701,14494,20424,1
1611,1070,16594,15498,1
1611,1216,16594,19091,1
1611,1375,16594,15632,1
1613,719,14497,12538,1
1613,1684,14497,16375,1
1614,409,18598,17542,1
1614,803,18598,16409,1
1614,1160,18598,19045,1
1614,1615,18598,18569,1
1614,1647,18598,14723,2
1615,910,18569,19473,1
1615,1294,18569,19032,1
1618,1547,14565,14365,1
1619,1661,14561,14653,1
1620,1351,17128,17973,1
1620,1366,17128,13909,1
1621,1013,17016,19066,1
1621,1062,17016,19076,1
1621,1224,17016,18659,1
1621,1412,17016,17548,1
1621,1477,17016,18008,1
1621,1624,17016,14600,1
1622,506,18395,20020,2
1622,733,18395,19887,2
1622,1604,18395,16142,1
1622,1658,18395,20426,1
1622,1668,18395,16914,1
1622,1677,18395,14651,3
1622,1684,18395,16375,1
1623,1233,14556,13534,1
1623,1321,14556,13731,1
1623,1688,14556,10959,1
1624,1436,14600,18599,1
1624,1509,14600,14288,1
1624,1527,14600,14314,1
1624,1596,14600,14475,1
1624,1647,14600,14723,1
1624,1682,14600,14689,1
1624,1683,14600,18590,1
1626,986,14564,17375,1
1627,1612,17843,18388,1
1629,800,16599,12740,1
1631,1488,16606,17466,1
1632,320,16606,20232,2
1635,800,16134,12740,1
1635,1491,16134,15550,1
1636,1547,16136,14365,1
1637,1132,14955,13283,1
1637,1427,14955,17104,1
1637,1544,14955,20454,1
1637,1602,14955,14487,1
1638,1697,20640,20424,2
1640,1693,14633,16925,1
1645,485,20642,20024,2
1645,1635,20642,16134,1
1646,482,16339,11941,1
1646,1117,16339,13390,1
1646,1308,16339,17895,3
1646,1336,16339,13846,1
1646,1401,16339,14018,2
1646,1430,16339,14026,2
1646,1505,16339,20533,1
1646,1534,16339,14358,1
1646,1589,16339,14393,1
1646,1684,16339,16375,6
1646,1685,16339,16539,1
1646,1695,16339,16470,2
1646,1699,16339,20424,1
1647,452,14723,18309,1
1647,1056,14723,19144,1
1647,1416,14723,17519,1
1647,1578,14723,14449,1
1647,1592,14723,18574,1
1647,1618,14723,14565,1
1647,1667,14723,16607,1
1647,1683,14723,18590,3
1647,1687,14723,14669,1
1648,803,14723,16409,1
1648,1457,14723,14155,1
1648,1637,14723,14955,1
1651,1620,20641,17128,1
1652,268,14959,11377,1
1652,1618,14959,14565,1
1654,1474,15251,14943,1
1655,666,14649,12491,1
1655,1167,14649,15566,2
1661,1139,14653,15567,1
1661,1623,14653,14556,1
1664,46,15251,16398,2
1665,1649,16914,20642,1
1666,1589,20660,14393,1
1667,1647,16607,14723,1
1668,1607,16914,14512,1
1670,1699,20648,20424,1
1672,1688,14663,10959,1
1672,1689,14663,10897,1
1673,970,20648,12258,1
1673,1579,20648,14383,1
1673,1693,20648,16925,1
1674,191,14667,11232,1
1674,262,14667,11378,2
1674,1661,14667,14653,1
1676,1669,14654,20426,1
1677,1684,14651,16375,1
1678,1646,14612,16339,1
1679,1356,15253,13897,1
1679,1410,15253,19339,1
1679,1697,15253,20424,1
1679,1701,15253,20424,1
1679,1705,15253,20423,1
1680,1678,14673,14612,1
1681,1577,14687,14346,1
1681,1637,14687,14955,1
1681,1647,14687,14723,1
1682,1689,14689,10897,1
1683,1621,18590,17016,1
1683,1647,18590,14723,2
1683,1709,18590,16898,1
1684,91,16375,18921,1
1684,124,16375,19002,1
1684,535,16375,19768,1
1684,566,16375,16755,1
1684,1370,16375,13911,1
1684,1429,16375,17977,1
1684,1466,16375,14170,1
1684,1580,16375,14459,1
1684,1646,16375,16339,2
1684,1686,16375,16539,3
1684,1689,16375,10897,1
1684,1695,16375,16470,2
1685,1443,16539,14120,1
1685,1461,16539,17996,1
1686,270,16539,11372,1
1686,1580,16539,14459,1
1686,1677,16539,14651,1
1686,1684,16539,16375,1
1687,1637,14669,14955,1
1688,1672,10959,14663,1
1688,1683,10959,18590,1
1689,1682,10897,14689,2
1689,1691,10897,14735,2
1691,1682,14735,14689,1
1691,1689,14735,10897,1
1691,1694,14735,20427,1
1693,105,16925,17765,1
1693,269,16925,11395,1
1693,322,16925,15016,1
1693,515,16925,18879,1
1693,596,16925,19990,1
1693,625,16925,12369,1
1693,839,16925,19865,1
1693,901,16925,12982,1
1693,1443,16925,14120,1
1693,1474,16925,14943,1
1693,1492,16925,14205,1
1693,1579,16925,14383,2
1693,1623,16925,14556,1
1693,1668,16925,16914,1
1693,1684,16925,16375,1
1693,1696,16925,14714,2
1693,1699,16925,20424,1
1693,1711,16925,16382,1
1694,1624,20427,14600,1
1694,1691,20427,14735,1
1695,1489,16470,17879,1
1695,1680,16470,14673,1
1695,1684,16470,16375,1
1695,1686,16470,16539,1
1696,1689,14714,10897,2
1697,161,20424,11211,1
1697,1284,20424,13662,1
1697,1301,20424,13698,1
1697,1350,20424,13877,1
1697,1483,20424,17909,1
1697,1593,20424,14456,1
1697,1645,20424,20642,1
1697,1651,20424,20641,1
1697,1670,20424,20648,1
1697,1693,20424,16925,1
1697,1711,20424,16382,3
1697,1712,20424,17198,1
1698,1697,16898,20424,1
1698,1699,16898,20424,1
1699,441,20424,11794,1
1699,1360,20424,13916,1
1699,1464,20424,14180,1
1699,1478,20424,14234,1
1699,1645,20424,20642,1
1699,1673,20424,20648,2
1699,1693,20424,16925,6
1699,1698,20424,16898,2
1699,1708,20424,16379,1
1699,1709,20424,16898,2
1699,1711,20424,16382,6
1699,1712,20424,17198,1
1701,1711,20424,16382,1
1703,193,16898,11255,1
1703,725,16898,15499,1
1703,1166,16898,19582,1
1704,1694,16898,20427,1
1705,390,20423,11730,1
1705,1506,20423,14255,2
1705,1622,20423,18395,1
1705,1711,20423,16382,1
1706,1239,16898,19414,1
1707,1623,20423,14556,1
1707,1696,20423,14714,1
1707,1711,20423,16382,1
1709,45,16898,18859,2
1710,1279,16379,17917,1
1711,970,16382,12258,1
1711,1694,16382,20427,1
1711,1697,16382,20424,3
1711,1701,16382,20424,1
1711,1705,16382,20423,1
1711,1707,16382,20423,2
1711,1712,16382,17198,1
1712,1009,17198,17937,1
1712,1697,17198,20424,2
1712,1711,17198,16382,1
