1,20,20404,11056,1
1,170,20404,19595,1
1,225,20404,17826,1
4,54,18805,16849,1
4,70,18805,18860,1
4,1427,18805,17104,1
4,1430,18805,14026,2
5,59,11072,16783,1
5,81,11072,19007,1
5,166,11072,19639,1
5,206,11072,18868,1
5,739,11072,12522,1
6,18,18825,16841,1
6,44,18825,18858,1
6,353,18825,11572,1
8,14,18789,18826,1
8,21,18789,18729,1
8,165,18789,18936,1
10,105,18737,17765,1
11,8,18823,18789,1
12,73,11082,18940,1
12,175,11082,18930,1
12,202,11082,11298,1
12,301,11082,16724,1
12,581,11082,12276,1
14,67,18826,16847,1
14,111,18826,11156,1
14,210,18826,16152,1
16,78,18725,15781,1
16,98,18725,15676,1
16,99,18725,11176,1
16,128,18725,19007,1
16,141,18725,19637,1
16,227,18725,11303,2
16,248,18725,19651,1
16,373,18725,11667,1
17,29,18725,16838,1
17,40,18725,18740,1
17,43,18725,11091,1
17,66,18725,16849,1
17,86,18725,20701,1
17,103,18725,19605,1
17,107,18725,19604,1
17,111,18725,11156,1
17,123,18725,18991,1
17,126,18725,19631,1
17,132,18725,11188,1
17,168,18725,11218,1
17,185,18725,19609,1
17,372,18725,11643,1
17,386,18725,16711,1
17,663,18725,15471,1
17,681,18725,19898,1
17,1241,18725,19576,1
19,15,18729,16836,1
20,89,11056,16156,1
20,160,11056,15450,1
21,6,18729,18825,1
21,230,18729,18892,1
21,702,18729,12542,1
21,733,18729,19887,2
21,965,18729,13092,1
22,484,18755,11927,1
23,411,16864,11782,1
24,62,16193,20575,1
24,89,16193,16156,2
24,101,16193,18958,1
24,189,16193,18896,1
25,6,18854,18825,1
25,45,18854,18859,2
25,411,18854,11782,1
26,5,16399,11072,1
26,41,16399,18854,1
26,49,16399,18984,1
26,69,16399,11137,1
26,1194,16399,13470,1
27,57,16840,18944,1
27,131,16840,11173,1
28,63,18836,11099,1
28,383,18836,11702,1
29,5,16838,11072,1
29,243,16838,11347,2
29,731,16838,19951,2
29,1613,16838,14497,2
30,2,18697,16208,1
30,89,18697,16156,1
30,245,18697,18892,1
30,293,18697,11512,1
31,75,18721,18911,1
31,78,18721,15781,1
31,108,18721,19613,1
31,111,18721,11156,2
31,133,18721,19001,1
31,144,18721,15792,1
32,140,11091,18217,1
33,17,18859,18725,1
33,100,18859,11176,1
34,278,16399,11371,1
36,159,18855,11222,1
36,227,18855,11303,1
36,1449,18855,18005,2
37,5,18728,11072,1
37,67,18728,16847,1
37,109,18728,11152,1
37,139,18728,19603,1
37,254,18728,11375,1
38,1,18943,20404,1
38,41,18943,18854,1
38,45,18943,18859,1
38,55,18943,20725,1
38,165,18943,18936,1
39,8,18746,18789,1
39,76,18746,11105,2
39,109,18746,11152,1
39,118,18746,15673,1
39,137,18746,16852,1
39,168,18746,11218,1
39,318,18746,20214,1
39,1622,18746,18395,1
40,29,18740,16838,1
40,109,18740,11152,1
41,10,18854,18737,1
41,43,18854,11091,1
41,61,18854,11333,1
41,73,18854,18940,1
41,99,18854,11176,1
41,105,18854,17765,1
41,140,18854,18217,1
41,298,18854,11426,1
41,320,18854,20232,1
42,1,18961,20404,1
42,38,18961,18943,1
42,101,18961,18958,1
43,63,11091,11099,1
43,70,11091,18860,1
43,91,11091,18921,1
43,158,11091,11210,1
43,183,11091,11273,1
44,201,18858,11322,2
44,271,18858,19589,1
44,299,18858,20617,1
45,144,18859,15792,1
45,916,18859,12971,1
46,14,16398,18826,1
46,1238,16398,13560,2
47,101,18701,18958,1
49,74,18984,18989,2
49,81,18984,19007,1
49,110,18984,19002,1
49,142,18984,18974,3
49,163,18984,19000,1
49,219,18984,11308,1
49,239,18984,19012,1
49,452,18984,18309,1
50,89,11111,16156,1
50,160,11111,15450,1
50,180,11111,16448,1
50,189,11111,18896,1
50,210,11111,16152,1
50,270,11111,11372,1
53,5,15690,11072,1
53,29,15690,16838,2
53,69,15690,11137,1
53,150,15690,19620,1
53,153,15690,19675,1
53,309,15690,15329,1
53,348,15690,11582,2
53,352,15690,11564,1
54,506,16849,20020,2
55,4,20725,18805,1
55,46,20725,16398,1
55,71,20725,18434,1
55,148,20725,18918,1
55,177,20725,19634,1
55,189,20725,18896,1
55,251,20725,20247,1
55,284,20725,19703,1
55,731,20725,19951,2
55,1238,20725,13560,2
55,1699,20725,20424,2
57,10,18944,18737,2
57,41,18944,18854,1
58,101,18699,18958,1
58,1373,18699,19432,1
59,63,16783,11099,1
59,193,16783,11255,1
59,322,16783,15016,1
60,147,18942,11332,1
60,167,18942,18898,1
61,41,11333,18854,1
61,79,11333,18110,1
61,175,11333,18930,1
61,202,11333,11298,1
61,236,11333,11339,1
61,244,11333,20295,1
61,383,11333,11702,1
63,59,11099,16783,1
63,69,11099,11137,1
63,110,11099,19002,1
63,111,11099,11156,2
63,133,11099,19001,1
63,139,11099,19603,2
63,166,11099,19639,1
63,168,11099,11218,1
63,188,11099,11267,1
63,318,11099,20214,1
63,325,11099,19014,1
63,343,11099,11541,2
63,440,11099,19028,1
63,702,11099,12542,1
63,872,11099,13366,1
66,5,16849,11072,1
66,91,16849,18921,1
66,105,16849,17765,1
66,1295,16849,13592,2
67,249,16847,20360,1
68,18,11136,16841,1
68,206,11136,18868,1
69,26,11137,16399,1
69,41,11137,18854,1
69,270,11137,11372,1
70,37,18860,18728,1
70,57,18860,18944,1
70,284,18860,19703,1
71,105,18434,17765,1
71,175,18434,18930,4
71,180,18434,16448,1
71,189,18434,18896,1
71,194,18434,18178,1
71,209,18434,18284,1
71,215,18434,11309,1
71,241,18434,18322,1
71,298,18434,11426,1
71,774,18434,19233,1
72,210,20574,16152,1
73,192,18940,15733,1
73,293,18940,11512,1
74,49,18989,18984,1
74,54,18989,16849,1
74,239,18989,19012,1
75,36,18911,18855,1
76,15,11105,16836,1
76,16,11105,18725,1
76,39,11105,18746,1
76,40,11105,18740,1
76,52,11105,18865,1
76,54,11105,16849,1
76,81,11105,19007,1
76,97,11105,19605,1
76,111,11105,11156,1
76,118,11105,15673,1
76,132,11105,11188,2
76,139,11105,19603,1
76,156,11105,11216,1
76,168,11105,11218,1
76,187,11105,11230,1
76,190,11105,11286,1
76,213,11105,18268,1
76,225,11105,17826,1
76,248,11105,19651,1
76,322,11105,15016,1
76,369,11105,19020,1
76,427,11105,16693,1
76,439,11105,19025,1
76,506,11105,20020,2
76,913,11105,12937,2
76,1515,11105,14275,1
77,30,18104,18697,1
77,89,18104,16156,1
77,160,18104,15450,1
77,600,18104,12354,1
78,21,15781,18729,1
78,87,15781,18468,1
78,128,15781,19007,1
78,133,15781,19001,1
78,191,15781,11232,1
78,563,15781,19904,1
79,61,18110,11333,1
79,138,18110,18995,1
81,44,19007,18858,1
81,117,19007,15127,1
81,132,19007,11188,1
81,220,19007,19594,1
81,271,19007,19589,1
81,290,19007,11423,1
81,427,19007,16693,1
81,441,19007,11794,1
81,458,19007,20736,1
81,535,19007,19768,1
81,730,19007,12622,1
81,1156,19007,13422,1
81,1611,19007,16594,1
83,170,11121,19595,1
83,223,11121,17819,1
83,296,11121,19688,2
84,111,19612,11156,1
84,192,19612,15733,1
84,196,19612,11341,1
84,1310,19612,13736,1
85,21,20701,18729,1
87,43,18468,11091,1
87,54,18468,16849,1
87,123,18468,18991,1
87,226,18468,20388,2
87,316,18468,16725,1
87,317,18468,19701,1
87,424,18468,20313,1
87,1078,18468,13338,1
89,24,16156,16193,1
89,42,16156,18961,1
89,50,16156,11111,1
89,58,16156,18699,1
89,71,16156,18434,1
89,79,16156,18110,1
89,102,16156,18104,1
89,189,16156,18896,1
89,194,16156,18178,1
89,373,16156,11667,1
90,287,19615,11376,1
90,913,19615,12937,1
91,206,18921,18868,1
91,211,18921,18866,1
91,237,18921,20457,1
92,364,11135,16712,1
93,138,18975,18995,1
93,196,18975,11341,1
94,68,20703,11136,1
94,216,20703,20281,1
94,920,20703,12994,1
95,44,11135,18858,1
97,31,19605,18721,1
97,46,19605,16398,1
97,125,19605,19005,1
97,168,19605,11218,1
97,243,19605,11347,1
97,307,19605,20362,2
97,349,19605,11557,1
101,20,18958,11056,1
101,87,18958,18468,1
101,91,18958,18921,1
101,127,18958,18915,1
101,181,18958,11312,1
101,241,18958,18322,1
101,249,18958,20360,1
101,303,18958,20364,1
101,352,18958,11564,1
101,711,18958,12594,1
102,89,18104,16156,1
102,1277,18104,13642,1
103,123,19605,18991,1
103,135,19605,19636,1
103,187,19605,11230,1
103,328,19605,19643,1
103,441,19605,11794,1
104,6,20730,18825,1
104,243,20730,11347,1
105,4,17765,18805,1
105,41,17765,18854,1
105,66,17765,16849,1
105,71,17765,18434,1
105,118,17765,15673,1
105,144,17765,15792,1
105,463,17765,12500,1
105,680,17765,18715,1
106,230,18951,18892,2
107,16,19604,18725,1
107,81,19604,19007,1
107,132,19604,11188,1
107,196,19604,11341,1
107,205,19604,11305,1
107,227,19604,11303,1
108,5,19613,11072,1
108,8,19613,18789,1
108,913,19613,12937,1
109,12,11152,11082,1
109,78,11152,15781,1
109,111,11152,11156,1
109,168,11152,11218,1
109,179,11152,19610,1
109,187,11152,11230,1
109,268,11152,11377,1
109,272,11152,15772,1
109,339,11152,11524,1
109,352,11152,11564,1
109,913,11152,12937,1
109,1326,11152,13762,1
109,1347,11152,18620,1
110,176,19002,18978,1
110,246,19002,11327,1
110,516,19002,15417,1
110,913,19002,12937,1
111,17,11156,18725,1
111,37,11156,18728,1
111,54,11156,16849,1
111,71,11156,18434,1
111,109,11156,11152,1
111,130,11156,11190,1
111,187,11156,11230,1
111,203,11156,19608,1
112,97,18913,19605,1
117,264,15127,16737,1
117,386,15127,16711,1
118,40,15673,18740,1
118,249,15673,20360,1
118,282,15673,20361,1
119,46,15673,16398,1
119,228,15673,16745,1
119,272,15673,15772,1
123,138,18991,18995,1
123,145,18991,11243,1
123,171,18991,19004,1
123,239,18991,19012,2
123,272,18991,15772,1
123,351,18991,17684,2
123,666,18991,12491,1
123,1515,18991,14275,1
124,888,19002,12877,1
124,1699,19002,20424,1
124,1706,19002,16898,1
125,263,19005,19009,1
126,144,19631,15792,1
126,218,19631,18274,1
126,401,19631,19835,1
127,60,18915,18942,1
127,79,18915,18110,1
127,101,18915,18958,1
127,230,18915,18892,1
127,275,18915,20389,1
127,315,18915,20377,1
127,348,18915,11582,1
127,386,18915,16711,1
128,29,19007,16838,1
128,76,19007,11105,1
128,79,19007,18110,1
128,108,19007,19613,1
128,127,19007,18915,1
128,138,19007,18995,1
128,175,19007,18930,1
128,215,19007,11309,1
128,260,19007,11302,1
128,271,19007,19589,1
128,272,19007,15772,1
128,1149,19007,13391,1
129,17,11190,18725,1
129,196,11190,11341,1
129,202,11190,11298,1
129,913,11190,12937,1
130,275,11190,20389,1
130,1452,11190,14181,1
131,76,11173,11105,1
131,211,11173,18866,1
132,18,11188,16841,1
132,33,11188,18859,1
132,76,11188,11105,3
132,111,11188,11156,1
132,133,11188,19001,1
132,206,11188,18868,1
132,224,11188,11317,1
132,258,11188,19650,1
132,290,11188,11423,1
132,352,11188,11564,1
132,389,11188,20342,1
132,504,11188,15135,1
132,528,11188,19999,1
132,1260,11188,17430,1
132,1528,11188,17833,1
133,5,19001,11072,1
133,142,19001,18974,1
133,287,19001,11376,1
133,289,19001,19648,1
134,292,19602,11412,1
135,913,19636,12937,1
135,1219,19636,16805,1
138,123,18995,18991,1
138,196,18995,11341,1
138,261,18995,11376,1
138,429,18995,19835,2
138,970,18995,12258,1
138,1238,18995,13560,2
139,1070,19603,15498,1
140,20,18217,11056,1
140,181,18217,11312,1
140,348,18217,11582,1
140,436,18217,11825,1
141,54,19637,16849,1
141,913,19637,12937,1
141,1042,19637,13189,1
142,139,18974,19603,1
142,169,18974,11250,1
142,260,18974,11302,1
142,1697,18974,20424,1
143,145,18994,11243,1
143,199,18994,19008,1
143,235,18994,11301,1
143,239,18994,19012,1
144,5,15792,11072,1
144,118,15792,15673,1
144,119,15792,15673,1
144,132,15792,11188,1
144,249,15792,20360,1
144,282,15792,20361,1
144,365,15792,20204,1
145,78,11243,15781,1
145,97,11243,19605,1
145,113,11243,18976,1
145,143,11243,18994,1
147,60,11332,18942,1
147,128,11332,19007,1
147,206,11332,18868,1
147,315,11332,20377,1
149,63,19603,11099,1
149,76,19603,11105,1
149,171,19603,19004,1
149,1527,19603,14314,1
153,53,19675,15690,1
153,63,19675,11099,1
154,360,18931,11623,1
156,39,11216,18746,1
156,138,11216,18995,1
156,145,11216,11243,1
156,217,11216,18274,1
156,227,11216,11303,1
156,573,11216,20036,1
156,681,11216,19898,1
156,731,11216,19951,2
156,938,11216,13018,1
156,1205,11216,13480,1
157,133,18992,19001,1
157,171,18992,19004,1
157,314,18992,11442,1
158,168,11210,11218,1
158,284,11210,19703,1
158,522,11210,11802,1
159,190,11222,11286,1
159,913,11222,12937,1
159,1244,11222,13637,1
160,102,15450,18104,1
161,320,11211,20232,2
161,337,11211,17951,1
161,1385,11211,10921,2
163,157,19000,18992,1
163,539,19000,12132,2
163,748,19000,12681,1
164,22,18999,18755,1
164,168,18999,11218,1
164,441,18999,11794,1
164,720,18999,20448,2
164,1597,18999,14490,2
165,41,18936,18854,1
165,1593,18936,14456,2
167,42,18898,18961,1
167,114,18898,20574,1
168,17,11218,18725,1
168,37,11218,18728,1
168,59,11218,16783,1
168,69,11218,11137,1
168,97,11218,19605,1
168,132,11218,11188,2
168,201,11218,11322,1
168,257,11218,18143,1
168,272,11218,15772,1
168,312,11218,17784,1
168,328,11218,19643,1
168,522,11218,11802,1
168,571,11218,16785,1
168,803,11218,16409,1
168,1604,11218,16142,1
168,1699,11218,20424,1
169,49,11250,18984,1
169,196,11250,11341,1
169,290,11250,11423,1
170,6,19595,18825,1
170,192,19595,15733,1
171,78,19004,15781,1
171,292,19004,11412,1
171,632,19004,12432,1
172,323,18926,11472,1
173,71,18230,18434,1
174,26,19624,16399,1
175,71,18930,18434,1
175,140,18930,18217,1
175,332,18930,11513,1
175,1260,18930,17430,1
175,1346,18930,13891,1
176,291,18978,19592,1
176,1542,18978,14341,1
178,255,19634,19664,1
178,336,19634,11498,1
179,76,19610,11105,1
180,71,16448,18434,1
180,140,16448,18217,1
180,275,16448,20389,1
180,285,16448,11445,1
181,27,11312,16840,1
181,275,11312,20389,1
181,1350,11312,13877,1
182,192,11290,15733,1
182,235,11290,11301,1
182,258,11290,19650,1
183,284,11273,19703,1
183,1012,11273,13149,1
185,70,19609,18860,1
186,110,15788,19002,1
186,162,15788,19637,1
186,175,15788,18930,1
186,403,15788,16702,1
186,504,15788,15135,1
186,602,15788,16973,1
186,1617,15788,14559,1
187,5,11230,11072,1
187,76,11230,11105,1
187,91,11230,18921,1
187,109,11230,11152,1
187,113,11230,18976,1
187,165,11230,18936,1
187,211,11230,18866,1
187,232,11230,20456,1
187,279,11230,16741,1
187,281,11230,11386,2
187,328,11230,19643,1
187,419,11230,16700,1
187,1273,11230,18714,1
187,1321,11230,13731,1
187,1646,11230,16339,1
189,47,18896,18701,1
189,73,18896,18940,1
189,89,18896,16156,1
189,114,18896,20574,1
189,206,18896,18868,1
189,753,18896,12737,1
189,1347,18896,18620,1
190,250,11286,20302,1
190,270,11286,11372,1
191,76,11232,11105,1
191,522,11232,11802,1
191,1556,11232,16584,2
192,118,15733,15673,1
192,132,15733,11188,1
192,163,15733,19000,1
192,191,15733,11232,1
192,441,15733,11794,1
192,730,15733,12622,1
192,1220,15733,19588,1
193,142,11255,18974,1
193,143,11255,18994,1
193,406,11255,19026,1
194,61,18178,11333,1
194,243,18178,11347,1
194,273,18178,18897,1
196,78,11341,15781,1
196,129,11341,11190,1
196,150,11341,19620,1
196,157,11341,18992,1
196,164,11341,18999,1
196,261,11341,11376,1
196,314,11341,11442,1
196,328,11341,19643,1
196,375,11341,20699,1
196,1220,11341,19588,1
196,1321,11341,13731,1
197,133,11289,19001,1
197,348,11289,11582,2
197,590,11289,12311,2
197,1597,11289,14490,2
199,451,19008,16978,1
199,715,19008,12617,2
199,725,19008,15499,1
201,39,11322,18746,1
201,318,11322,20214,2
201,320,11322,20232,1
201,339,11322,11524,1
201,344,11322,15426,1
201,440,11322,19028,1
201,769,11322,12691,1
201,914,11322,12937,1
201,1282,11322,18612,2
202,111,11298,11156,1
202,270,11298,11372,1
202,333,11298,11467,1
202,401,11298,19835,1
202,676,11298,12747,1
202,1235,11298,13548,1
202,1679,11298,15253,1
203,168,19608,11218,1
205,459,11305,20079,1
206,57,18868,18944,1
206,71,18868,18434,1
206,76,18868,11105,1
206,118,18868,15673,1
206,143,18868,18994,1
206,187,18868,11230,1
206,264,18868,16737,1
206,301,18868,16724,1
206,1143,18868,19409,1
207,189,16941,18896,1
208,246,19635,11327,1
209,114,18284,20574,1
209,380,18284,20119,1
209,546,18284,19785,1
210,5,16152,11072,1
210,16,16152,18725,1
210,42,16152,18961,1
210,101,16152,18958,1
210,102,16152,18104,1
210,473,16152,16976,1
210,1100,16152,13335,1
211,53,18866,15690,1
211,61,18866,11333,1
211,153,18866,19675,1
211,189,18866,18896,1
211,414,18866,20155,1
211,473,18866,16976,1
211,539,18866,12132,1
211,970,18866,12258,1
211,1081,18866,15714,1
211,1148,18866,13411,1
212,81,18979,19007,1
212,128,18979,19007,1
212,246,18979,11327,1
212,1011,18979,19113,1
213,104,18268,20730,1
213,105,18268,17765,1
213,201,18268,11322,1
213,363,18268,20350,1
213,1233,18268,13534,1
214,429,11317,19835,1
214,1233,11317,13534,2
215,16,11309,18725,1
215,103,11309,19605,1
215,406,11309,19026,1
216,153,20281,19675,1
216,165,20281,18936,1
216,376,20281,11634,1
216,565,20281,19987,1
216,955,20281,13060,1
216,1468,20281,17881,1
217,733,18274,19887,2
219,110,11308,19002,1
219,163,11308,19000,1
219,168,11308,11218,1
219,239,11308,19012,1
219,369,11308,19020,1
221,322,11303,15016,1
221,382,11303,19718,1
221,737,11303,12620,1
222,78,18078,15781,1
222,310,18078,11472,1
222,375,18078,20699,1
223,253,17819,11374,1
223,1560,17819,14378,1
224,18,11317,16841,1
224,187,11317,11230,1
224,320,11317,20232,1
224,673,11317,12507,1
225,91,17826,18921,1
225,132,17826,11188,1
225,249,17826,20360,1
225,302,17826,19659,1
225,437,17826,16758,1
225,465,17826,19753,1
225,630,17826,12325,1
225,651,17826,20496,1
226,61,20388,11333,1
226,91,20388,18921,2
226,161,20388,11211,1
226,285,20388,11445,1
226,333,20388,11467,2
226,340,20388,20345,1
226,356,20388,11572,1
226,1699,20388,20424,2
227,78,11303,15781,1
227,108,11303,19613,1
227,166,11303,19639,1
227,199,11303,19008,1
227,328,11303,19643,1
227,932,11303,19563,1
228,268,16745,11377,1
228,289,16745,19648,1
228,680,16745,18715,1
228,1241,16745,19576,2
229,210,18277,16152,1
229,359,18277,11568,1
229,888,18277,12877,1
230,84,18892,19612,1
230,106,18892,18951,1
230,194,18892,18178,1
230,586,18892,12287,1
231,159,19668,11222,1
232,94,20456,20703,1
235,5,11301,11072,1
235,21,11301,18729,1
235,63,11301,11099,1
235,76,11301,11105,1
235,142,11301,18974,1
235,197,11301,11289,1
235,206,11301,18868,1
235,221,11301,11303,1
235,452,11301,18309,1
235,522,11301,11802,1
235,577,11301,12155,1
235,1474,11301,14943,1
235,1679,11301,15253,1
236,283,11339,19647,1
236,468,11339,12034,1
236,908,11339,12966,1
238,162,11342,19637,1
238,164,11342,18999,2
238,248,11342,19651,1
239,123,19012,18991,1
239,157,19012,18992,1
239,169,19012,11250,1
239,287,19012,11376,1
239,290,19012,11423,1
239,532,19012,12154,1
239,632,19012,12432,1
241,89,18322,16156,1
241,101,18322,18958,1
241,229,18322,18277,1
241,362,18322,20350,1
243,119,11347,15673,1
243,275,11347,20389,2
243,1442,11347,14106,2
244,382,20295,19718,1
244,416,20295,11810,1
245,76,18892,11105,1
245,79,18892,18110,2
245,132,18892,11188,1
245,176,18892,18978,1
246,93,11327,18975,1
246,103,11327,19605,1
246,164,11327,18999,1
246,737,11327,12620,1
246,1013,11327,19066,1
247,21,11340,18729,1
247,103,11340,19605,1
247,176,11340,18978,1
247,588,11340,19900,1
248,247,19651,11340,1
248,335,19651,11501,1
249,25,20360,18854,1
249,55,20360,20725,1
249,63,20360,11099,1
249,132,20360,11188,1
249,187,20360,11230,1
249,352,20360,11564,1
249,590,20360,12311,2
249,855,20360,12852,2
249,883,20360,12954,1
249,1143,20360,19409,1
249,1238,20360,13560,2
249,1538,20360,14330,2
253,111,11374,11156,1
253,312,11374,17784,1
254,125,11375,19005,1
254,129,11375,11190,1
254,227,11375,11303,1
254,913,11375,12937,1
255,261,19664,11376,1
255,289,19664,19648,1
257,5,18143,11072,1
257,187,18143,11230,1
257,373,18143,11667,1
257,383,18143,11702,2
257,429,18143,19835,2
258,516,19650,15417,1
260,139,11302,19603,1
260,452,11302,18309,1
260,725,11302,15499,1
260,1230,11302,16580,1
261,26,11376,16399,1
261,168,11376,11218,1
261,999,11376,13141,1
262,71,11378,18434,1
262,183,11378,11273,1
262,293,11378,11512,1
262,297,11378,11414,1
262,323,11378,11472,1
262,941,11378,13017,1
263,145,19009,11243,1
264,211,16737,18866,1
265,107,19662,19604,2
266,328,19654,19643,1
267,24,11372,16193,1
267,158,11372,11210,1
267,306,11372,11459,1
267,368,11372,11620,1
267,383,11372,11702,1
267,614,11372,19978,1
268,123,11377,18991,1
268,228,11377,16745,1
268,290,11377,11423,1
268,369,11377,19020,1
269,1051,11395,15528,1
269,1143,11395,19409,12
269,1568,11395,10796,2
270,49,11372,18984,1
270,63,11372,11099,1
270,76,11372,11105,1
270,123,11372,18991,1
270,127,11372,18915,1
270,273,11372,18897,1
270,306,11372,11459,1
270,352,11372,11564,1
270,383,11372,11702,1
270,384,11372,11714,1
270,534,11372,20133,1
270,881,11372,12895,1
270,1013,11372,19066,1
270,1041,11372,19164,1
270,1103,11372,13367,1
271,68,19589,11136,1
271,191,19589,11232,1
271,330,19589,11502,1
272,128,15772,19007,1
272,132,15772,11188,1
272,149,15772,19603,1
272,184,15772,18996,1
272,323,15772,11472,1
272,452,15772,18309,2
272,974,15772,13063,1
272,1185,15772,17418,1
272,1291,15772,15539,1
273,285,18897,11445,1
273,306,18897,11459,1
275,12,20389,11082,1
275,55,20389,20725,2
275,75,20389,18911,1
275,106,20389,18951,1
275,206,20389,18868,1
275,309,20389,15329,1
275,332,20389,11513,1
275,354,20389,11581,1
275,411,20389,11782,1
275,595,20389,16242,1
275,1251,20389,13596,2
276,1466,19656,14170,1
278,26,11371,16399,1
279,206,16741,18868,1
280,28,11397,18836,1
280,206,11397,18868,1
280,465,11397,19753,1
280,850,11397,19526,1
280,1426,11397,15837,1
281,25,11386,18854,2
281,61,11386,11333,1
281,153,11386,19675,1
281,163,11386,19000,2
281,470,11386,20066,2
281,1143,11386,19409,8
282,141,20361,19637,1
282,183,20361,11273,1
282,306,20361,11459,1
282,943,20361,13030,1
282,1143,20361,19409,1
283,141,19647,19637,1
283,360,19647,11623,1
284,39,19703,18746,1
284,206,19703,18868,1
284,211,19703,18866,2
284,353,19703,11572,1
284,386,19703,16711,1
284,392,19703,11711,1
284,511,19703,11988,1
284,740,19703,17245,1
284,1534,19703,14358,1
285,210,11445,16152,1
285,273,11445,18897,1
287,196,11376,11341,2
287,272,11376,15772,1
288,316,19692,16725,1
288,328,19692,19643,1
289,1602,19648,14487,2
290,96,11423,15676,1
290,182,11423,11290,1
290,220,11423,19594,2
290,248,11423,19651,1
290,386,11423,16711,1
291,133,19592,19001,1
291,351,19592,17684,2
292,340,11412,20345,2
292,440,11412,19028,1
292,564,11412,19511,1
293,170,11512,19595,1
294,185,19661,19609,1
295,1415,11512,14094,1
296,232,19688,20456,2
296,1321,19688,13731,1
297,1143,11414,19409,2
298,352,11426,11564,1
298,416,11426,11810,1
298,1143,11426,19409,6
300,600,20364,12354,1
301,206,16724,18868,1
301,1175,16724,13453,1
302,259,19659,19652,1
302,280,19659,11397,1
303,89,20364,16156,1
303,228,20364,16745,1
303,372,20364,11643,1
304,212,15055,18979,1
306,3,11459,16208,1
306,168,11459,11218,1
306,230,11459,18892,1
306,299,11459,20617,1
306,380,11459,20119,1
306,383,11459,11702,1
306,394,11459,11697,1
306,639,11459,12444,1
306,1540,11459,18588,1
307,197,20362,11289,1
307,257,20362,18143,2
307,1082,20362,15714,1
311,444,19640,19835,1
315,76,20377,11105,1
315,80,20377,11135,1
315,87,20377,18468,1
315,105,20377,17765,1
315,147,20377,11332,2
315,160,20377,15450,1
315,404,20377,11756,1
315,426,20377,11805,1
315,430,20377,11806,1
315,485,20377,20024,2
315,1301,20377,13698,1
316,165,16725,18936,1
316,206,16725,18868,1
316,270,16725,11372,2
316,306,16725,11459,1
316,459,16725,20079,1
316,1602,16725,14487,2
317,42,19701,18961,1
317,119,19701,15673,1
317,236,19701,11339,1
317,615,19701,12363,1
318,76,20214,11105,1
318,137,20214,16852,1
318,159,20214,11222,1
318,205,20214,11305,1
318,546,20214,19785,1
318,730,20214,12622,1
318,1006,20214,13153,1
318,1426,20214,15837,1
320,470,20232,20066,2
320,485,20232,20024,2
320,1500,20232,14251,1
321,111,19698,11156,1
321,126,19698,19631,1
321,400,19698,11735,1
322,432,15016,16786,1
322,529,15016,16785,1
323,133,11472,19001,1
323,249,11472,20360,2
325,369,19014,19020,1
325,452,19014,18309,1
325,847,19014,12834,1
325,1573,19014,14399,1
326,154,11449,18931,1
326,165,11449,18936,1
326,211,11449,18866,1
326,242,11449,19635,1
327,1404,11496,14033,1
328,17,19643,18725,1
328,268,19643,11377,1
328,288,19643,19692,1
328,367,19643,19690,2
328,382,19643,19718,1
328,434,19643,16787,1
328,468,19643,12034,1
328,1540,19643,18588,1
332,371,11513,11627,1
333,216,11467,20281,1
333,249,11467,20360,2
333,1198,11467,13525,1
335,132,11501,11188,1
335,1539,11501,18359,1
336,17,11498,18725,1
337,91,17951,18921,1
338,225,11536,17826,1
339,350,11524,15430,1
340,245,20345,18892,1
340,1566,20345,18360,2
342,243,11578,11347,1
342,1480,11578,14635,1
343,206,11541,18868,1
343,335,11541,11501,1
343,463,11541,12500,1
343,769,11541,12691,2
344,181,15426,11312,1
344,350,15426,15430,2
344,1233,15426,13534,1
347,211,20218,18866,1
348,201,11582,11322,1
348,213,11582,18268,1
348,249,11582,20360,1
348,279,11582,16741,1
348,485,11582,20024,2
348,776,11582,16661,1
350,71,15430,18434,1
350,216,15430,20281,1
350,344,15430,15426,2
350,373,15430,11667,1
351,85,17684,20701,1
351,123,17684,18991,1
351,142,17684,18974,1
351,145,17684,11243,1
351,192,17684,15733,1
351,199,17684,19008,1
351,211,17684,18866,1
351,260,17684,11302,1
351,272,17684,15772,3
351,314,17684,11442,1
351,391,17684,20347,1
351,439,17684,19025,1
351,441,17684,11794,2
351,522,17684,11802,1
351,1229,17684,16830,1
351,1316,17684,13726,1
352,157,11564,18992,1
352,172,11564,18926,1
352,201,11564,11322,1
352,213,11564,18268,1
352,270,11564,11372,1
352,298,11564,11426,1
352,317,11564,19701,1
352,546,11564,19785,1
352,1318,11564,18621,1
354,86,11581,20701,1
354,178,11581,19634,1
354,262,11581,11378,1
354,634,11581,16639,1
356,377,11572,11643,1
359,144,11568,15792,1
359,250,11568,20302,1
359,1707,11568,20423,1
360,253,11623,11374,1
360,594,11623,12321,1
361,197,19712,11289,1
361,223,19712,17819,1
361,362,19712,20350,1
361,469,19712,11875,1
361,804,19712,19533,1
361,1564,19712,16593,1
362,230,20350,18892,1
366,452,19029,18309,1
366,1381,19029,13960,1
367,429,19690,19835,1
367,491,19690,12014,1
368,267,11620,11372,1
368,309,11620,15329,1
368,317,11620,19701,1
368,1051,11620,15528,1
369,184,19020,18996,1
369,222,19020,18078,1
369,239,19020,19012,1
369,272,19020,15772,1
369,291,19020,19592,1
369,325,19020,19014,1
369,366,19020,19029,1
369,1208,19020,16816,1
371,527,11627,12115,2
372,40,11643,18740,1
372,153,11643,19675,1
372,303,11643,20364,1
372,493,11643,11999,1
372,595,11643,16242,1
372,1123,11643,13324,1
373,123,11667,18991,1
373,249,11667,20360,1
373,270,11667,11372,1
373,273,11667,18897,1
373,473,11667,16976,1
373,534,11667,20133,1
373,712,11667,17900,1
373,1616,11667,14549,1
373,1707,11667,20423,1
375,271,20699,19589,1
375,441,20699,11794,1
375,954,20699,19126,1
377,33,11643,18859,1
377,127,11643,18915,1
377,252,11643,18339,1
377,373,11643,11667,1
377,539,11643,12132,1
378,17,19696,18725,1
378,41,19696,18854,1
378,128,19696,19007,1
378,361,19696,19712,1
378,1481,19696,16585,1
379,491,19835,12014,1
380,257,20119,18143,1
381,247,11657,11340,1
381,804,11657,19533,1
381,1129,11657,13392,1
382,21,19718,18729,1
382,108,19718,19613,1
382,243,19718,11347,1
382,562,19718,12239,1
382,670,19718,12505,1
383,188,11702,11267,1
383,211,11702,18866,1
383,249,11702,20360,1
383,257,11702,18143,1
383,267,11702,11372,1
383,348,11702,11582,1
383,528,11702,19999,1
383,599,11702,12308,1
383,803,11702,16409,1
383,1013,11702,19066,1
384,417,11714,11773,1
386,225,16711,17826,1
386,425,16711,20120,1
386,701,16711,12488,1
386,847,16711,12834,1
386,945,16711,15758,1
386,1258,16711,13607,1
386,1540,16711,18588,1
386,1607,16711,14512,1
388,76,20325,11105,1
390,348,11730,11582,1
391,854,20347,17309,1
392,516,11711,15417,1
392,733,11711,19887,2
393,1235,11697,13548,2
393,1238,11697,13560,2
395,227,19022,11303,1
395,232,19022,20456,1
395,972,19022,15832,1
395,1220,19022,19588,1
395,1263,19022,13606,1
398,1012,11725,13149,1
400,142,11735,18974,1
400,637,11735,15134,1
401,224,19835,11317,1
403,1220,16702,19588,1
403,1263,16702,13606,1
403,1299,16702,13682,1
403,1321,16702,13731,1
403,1499,16702,16586,1
403,1684,16702,16375,1
403,1697,16702,20424,1
404,241,11756,18322,1
405,206,20057,18868,2
406,192,19026,15733,1
409,38,17542,18943,1
409,350,17542,15430,2
409,599,17542,12308,1
410,1019,19835,13175,1
410,1120,19835,13395,1
411,195,11782,11289,1
411,206,11782,18868,1
411,249,11782,20360,1
411,281,11782,11386,1
411,473,11782,16976,2
412,532,11794,12154,1
412,902,11794,15226,1
415,255,20087,19664,1
415,269,20087,11395,1
416,595,11810,16242,1
416,1364,11810,13964,1
416,1684,11810,16375,2
417,536,11773,19517,1
417,798,11773,15496,1
417,1149,11773,13391,1
421,5,16787,11072,1
421,290,16787,11423,1
421,312,16787,17784,1
421,335,16787,11501,1
421,543,16787,12155,1
421,659,16787,17704,1
421,906,16787,15641,1
421,926,16787,19846,1
421,962,16787,19853,1
424,87,20313,18468,1
424,238,20313,11342,2
424,534,20313,20133,1
425,206,20120,18868,1
425,333,20120,11467,1
425,587,20120,12234,1
425,660,20120,17704,2
426,186,11805,15788,1
426,206,11805,18868,1
426,1693,11805,16925,1
427,12,16693,11082,1
427,67,16693,16847,1
427,130,16693,11190,1
427,1430,16693,14026,1
429,378,19835,19696,1
430,320,11806,20232,1
432,128,16786,19007,1
432,268,16786,11377,1
432,322,16786,15016,1
432,439,16786,19025,1
432,441,16786,11794,1
432,730,16786,12622,1
432,759,16786,12691,1
432,1230,16786,16580,1
434,328,16787,19643,1
434,518,16787,12030,1
436,367,11825,19690,1
437,206,16758,18868,1
437,565,16758,19987,1
437,652,16758,12403,1
437,684,16758,12511,1
439,145,19025,11243,2
439,168,19025,11218,1
439,1398,19025,17444,1
440,76,19028,11105,1
440,290,19028,11423,1
440,441,19028,11794,1
440,1306,19028,13706,1
440,1397,19028,17986,1
441,138,11794,18995,1
441,192,11794,15733,2
441,196,11794,11341,1
441,212,11794,18979,1
441,351,11794,17684,1
441,375,11794,20699,1
441,434,11794,16787,1
441,440,11794,19028,1
441,750,11794,19542,1
441,932,11794,19563,1
441,1439,11794,18000,1
441,1699,11794,20424,1
442,156,20039,11216,1
442,508,20039,19789,1
442,626,20039,12374,1
444,93,19835,18975,1
444,311,19835,19640,2
445,429,19833,19835,2
446,596,20077,19990,1
446,673,20077,12507,1
446,828,20077,19197,1
446,1464,20077,14180,1
451,210,16978,16152,1
451,249,16978,20360,1
451,1226,16978,18713,1
452,123,18309,18991,1
452,168,18309,11218,1
452,169,18309,11250,1
452,184,18309,18996,1
452,199,18309,19008,1
452,272,18309,15772,1
452,369,18309,19020,1
452,656,18309,15471,1
452,1211,18309,13403,1
452,1263,18309,13606,1
452,1447,18309,14937,1
452,1504,18309,17025,1
452,1593,18309,14456,1
456,1655,16674,14649,2
458,976,20736,13140,1
459,39,20079,18746,1
459,73,20079,18940,1
459,343,20079,11541,2
459,873,20079,15261,2
459,1481,20079,16585,1
462,630,19754,12325,1
464,76,11881,11105,1
464,510,11881,20145,1
465,262,19753,11378,1
465,715,19753,12617,1
465,1547,19753,14365,1
468,352,12034,11564,1
470,1550,20066,14369,2
471,31,20034,18721,1
471,332,20034,11513,1
471,886,20034,15163,1
473,102,16976,18104,1
473,210,16976,16152,1
473,350,16976,15430,2
473,589,16976,20482,1
476,446,15363,20077,1
482,8,11941,18789,1
482,123,11941,18991,1
482,267,11941,11372,1
482,269,11941,11395,1
485,316,20024,16725,2
485,554,20024,19765,2
485,657,20024,19879,2
485,1143,20024,19409,2
485,1291,20024,15539,2
485,1461,20024,17996,2
485,1528,20024,17833,2
485,1580,20024,14459,2
485,1625,20024,16131,2
488,161,11946,11211,1
490,132,11999,11188,1
490,352,11999,11564,1
491,429,12014,19835,2
491,802,12014,15496,1
491,941,12014,13017,1
493,31,11999,18721,1
493,156,11999,11216,1
493,163,11999,19000,2
493,230,11999,18892,1
493,352,11999,11564,1
493,523,11999,20418,1
493,766,11999,17805,1
493,946,11999,13060,1
493,1464,11999,14180,1
494,901,18880,12982,1
494,1258,18880,13607,1
496,675,11956,12492,1
497,391,11993,20347,1
500,1507,20105,14269,1
501,980,15403,13119,1
501,1540,15403,18588,1
503,144,20420,15792,1
503,580,20420,18878,1
504,155,15135,19625,1
504,165,15135,18936,1
504,262,15135,11378,1
504,284,15135,19703,1
504,288,15135,19692,1
504,318,15135,20214,1
504,330,15135,11502,1
504,342,15135,11578,1
504,725,15135,15499,1
504,933,15135,13033,1
505,131,19019,11173,1
505,235,19019,11301,1
505,366,19019,19029,1
506,194,20020,18178,2
506,238,20020,11342,2
506,294,20020,19661,2
506,497,20020,11993,1
506,1699,20020,20424,2
507,595,12052,16242,1
508,386,19789,16711,1
510,464,20145,11881,1
510,521,20145,12114,1
510,1306,20145,13706,1
516,342,15417,11578,1
516,832,15417,12802,1
517,850,19520,19526,1
518,432,12030,16786,1
518,702,12030,12542,1
518,750,12030,19542,1
519,1236,19840,15606,1
522,157,11802,18992,1
522,168,11802,11218,1
522,272,11802,15772,1
522,369,11802,19020,1
522,395,11802,19022,1
522,439,11802,19025,1
522,725,11802,15499,3
522,996,11802,15492,1
522,1289,11802,15447,1
523,671,20418,16442,1
525,514,12139,12059,1
525,1034,12139,13227,1
526,206,18086,18868,1
526,283,18086,19647,1
526,335,18086,11501,1
527,701,12115,12488,1
528,224,19999,11317,1
528,317,19999,19701,1
528,755,19999,19455,1
528,1712,19999,17198,1
529,1350,16785,13877,1
532,236,12154,11339,1
532,1521,12154,10890,1
534,442,20133,20039,1
534,1305,20133,13740,1
534,1478,20133,14234,1
536,943,19517,13030,1
536,1426,19517,15837,1
538,766,16953,17805,1
538,995,16953,19281,1
539,285,12132,11445,1
539,411,12132,11782,1
539,779,12132,12731,1
539,788,12132,12810,1
539,811,12132,19206,1
540,416,12263,11810,1
540,709,12263,12601,1
540,778,12263,12831,1
540,1478,12263,14234,1
541,804,12016,19533,1
541,1060,12016,15457,1
543,465,12155,19753,1
546,107,19785,19604,1
546,834,19785,12760,1
546,1076,19785,13287,1
550,1066,12210,18644,1
555,281,20473,11386,2
555,506,20473,20020,2
556,847,16788,12834,1
560,740,19527,17245,1
562,217,12239,18274,1
562,354,12239,11581,1
562,496,12239,11956,1
562,768,12239,12718,1
562,958,12239,20437,1
562,1251,12239,13596,1
562,1607,12239,14512,1
563,554,19904,19765,1
563,645,19904,16643,1
564,371,19511,11627,1
565,469,19987,11875,1
565,566,19987,16755,1
565,730,19987,12622,1
565,1328,19987,13774,1
566,235,16755,11301,1
566,587,16755,12234,1
566,683,16755,12426,1
567,442,19997,20039,1
571,519,16785,19840,1
571,1045,16785,13227,1
571,1152,16785,13413,1
573,834,20036,12760,1
575,110,12155,19002,1
575,439,12155,19025,1
577,351,12155,17684,1
577,675,12155,12492,1
580,676,18878,12747,1
580,1404,18878,14033,1
581,1397,12276,17986,1
584,1623,12304,14556,1
584,1673,12304,20648,1
587,999,12234,13141,1
588,1467,19900,14186,1
589,1048,20482,13280,1
590,470,12311,20066,2
590,637,12311,15134,2
594,504,12321,15135,1
594,1076,12321,13287,1
595,210,16242,16152,1
595,235,16242,11301,1
595,270,16242,11372,1
595,889,16242,17318,1
595,1186,16242,15709,1
595,1192,16242,19141,1
595,1359,16242,13882,1
595,1619,16242,14561,1
597,227,12295,11303,1
597,441,12295,11794,1
598,1707,20131,20423,1
599,275,12308,20389,1
599,473,12308,16976,1
599,602,12308,16973,9
599,607,12308,18715,2
599,608,12308,18715,1
599,628,12308,12600,2
599,680,12308,18715,4
599,766,12308,17805,2
600,534,12354,20133,1
600,1277,12354,13642,1
602,373,16973,11667,1
602,473,16973,16976,1
602,599,16973,12308,8
602,868,16973,12882,1
602,1030,16973,13088,1
602,1181,16973,13491,1
602,1465,16973,18597,1
607,599,18715,12308,3
608,599,18715,12308,1
608,602,18715,16973,1
608,803,18715,16409,1
617,211,19546,18866,1
620,1057,12336,18033,1
620,1123,12336,13324,1
622,118,19903,15673,1
622,360,19903,11623,1
625,1348,12369,13885,1
626,596,12374,19990,1
628,599,12600,12308,2
628,638,12600,12382,1
628,889,12600,17318,1
628,898,12600,12947,1
628,1507,12600,14269,1
628,1532,12600,14336,1
628,1695,12600,16470,1
630,140,12325,18217,1
630,225,12325,17826,1
630,427,12325,16693,1
630,504,12325,15135,3
630,802,12325,15496,1
630,835,12325,19889,1
630,885,12325,12913,1
630,886,12325,15163,1
630,895,12325,12948,1
630,1504,12325,17025,1
630,1699,12325,20424,1
632,1391,12432,19337,1
634,246,16639,11327,2
634,425,16639,20120,1
634,737,16639,12620,1
634,970,16639,12258,1
636,351,12312,17684,1
636,575,12312,12155,1
636,900,12312,15723,1
636,1069,12312,15498,1
637,269,15134,11395,1
638,1580,12382,14459,1
639,285,12444,11445,1
639,383,12444,11702,1
639,651,12444,20496,2
639,1133,12444,13356,1
641,742,20496,12663,1
641,1304,20496,13841,1
642,810,12392,12858,1
642,1474,12392,14943,1
643,724,20496,12628,1
644,425,12382,20120,1
645,115,16643,19616,1
650,367,15743,19690,1
650,701,15743,12488,1
650,759,15743,12691,1
650,842,15743,12813,1
650,1152,15743,13413,1
650,1338,15743,13784,1
651,497,20496,11993,1
651,639,20496,12444,2
651,955,20496,13060,1
651,1404,20496,14033,1
651,1688,20496,10959,1
652,186,12403,15788,1
652,427,12403,16693,1
652,1567,12403,15272,2
654,1315,15472,13724,1
655,842,15472,12813,1
655,1426,15472,15837,1
656,182,15471,11290,1
656,519,15471,19840,1
656,1175,15471,13453,1
657,464,19879,11881,1
657,880,19879,19861,1
658,890,12432,20441,1
658,956,12432,17380,1
658,1036,12432,12351,1
660,416,17704,11810,2
660,441,17704,11794,1
662,469,12470,11875,1
662,554,12470,19765,1
662,759,12470,12691,1
662,1289,12470,15447,1
663,1391,15471,19337,1
663,1646,15471,16339,1
665,519,15471,19840,1
666,718,12491,16132,2
666,1349,12491,19359,1
666,1633,12491,11453,1
669,463,12494,12500,1
669,546,12494,19785,1
671,118,16442,15673,1
671,673,16442,12507,1
671,718,16442,16132,1
671,889,16442,17318,1
673,285,12507,11445,1
673,493,12507,11999,1
673,510,12507,20145,1
673,814,12507,17630,1
673,980,12507,13119,1
673,1006,12507,13153,1
673,1037,12507,13218,1
673,1081,12507,15714,1
674,970,12486,12258,1
675,482,12492,11941,1
675,845,12492,12813,1
675,1075,12492,13223,1
675,1148,12492,13411,1
679,978,17636,13103,1
680,777,18715,17901,1
681,468,19898,12034,1
681,851,19898,12844,1
682,1226,18715,18713,2
683,587,12426,12234,1
683,1230,12426,16580,1
684,914,12511,12937,1
684,1077,12511,13274,1
688,1565,12547,17020,1
690,161,12624,11211,1
690,270,12624,11372,1
693,596,12554,19990,1
696,889,16983,17318,1
697,430,12558,11806,1
698,932,12546,19563,1
698,941,12546,13017,1
701,469,12488,11875,1
701,522,12488,11802,1
701,570,12488,19509,1
701,657,12488,19879,1
701,1195,12488,17485,1
701,1407,12488,20451,1
701,1447,12488,14937,1
701,1492,12488,14205,1
701,1673,12488,20648,1
704,160,17278,15450,1
704,642,17278,12392,1
704,897,17278,19186,1
704,1067,17278,13290,1
704,1107,17278,19096,1
706,683,10997,12426,1
706,698,10997,12546,1
706,711,10997,12594,1
709,1346,12601,13891,1
711,856,12594,12796,1
714,932,19550,19563,1
715,1622,12617,18395,1
716,432,12597,16786,1
719,615,12538,12363,1
719,659,12538,17704,1
719,1344,12538,13896,1
719,1430,12538,14026,1
720,197,20448,11289,2
720,788,20448,12810,1
720,1528,20448,17833,2
724,373,12628,11667,1
725,101,15499,18958,1
725,132,15499,11188,1
725,192,15499,15733,1
725,235,15499,11301,1
725,351,15499,17684,2
725,395,15499,19022,1
725,522,15499,11802,1
725,996,15499,15492,1
725,1136,15499,19583,1
725,1186,15499,15709,1
725,1208,15499,16816,1
725,1476,15499,18009,1
725,1699,15499,20424,1
726,243,12626,11347,2
726,704,12626,17278,1
726,1235,12626,13548,2
726,1521,12626,10890,1
730,87,12622,18468,1
730,118,12622,15673,1
730,225,12622,17826,1
730,314,12622,11442,1
730,441,12622,11794,1
730,453,12622,20098,1
730,465,12622,19753,1
730,1321,12622,13731,2
730,1331,12622,13765,1
730,1466,12622,14170,1
730,1498,12622,10844,1
730,1507,12622,14269,1
730,1527,12622,14314,1
731,53,19951,15690,2
731,315,19951,20377,2
731,485,19951,20024,2
732,157,12636,18992,1
732,527,12636,12115,1
732,1158,12636,13424,1
732,1236,12636,15606,1
733,53,19887,15690,2
733,392,19887,11711,2
733,485,19887,20024,4
733,847,19887,12834,2
733,1069,19887,15498,2
733,1291,19887,15539,2
733,1681,19887,14687,2
734,494,12635,18880,1
734,696,12635,16983,1
734,811,12635,19206,1
734,946,12635,13060,1
735,235,15201,11301,1
735,505,15201,19019,1
735,1515,15201,14275,1
739,986,12522,17375,1
740,554,17245,19765,1
741,1515,12642,14275,1
742,1404,12663,14033,1
742,1618,12663,14565,1
744,1361,12553,13882,1
745,901,17294,12982,1
745,954,17294,19126,1
745,1040,17294,13260,1
746,1069,12522,15498,1
749,525,17685,12139,1
749,1108,17685,18645,2
750,421,19542,16787,1
750,518,19542,12030,1
750,557,19542,16788,1
750,560,19542,19527,1
751,504,12786,15135,1
751,944,12786,13050,1
754,1125,12697,13283,1
754,1614,12697,18598,1
756,1596,19455,14475,1
758,660,19531,17704,1
758,674,19531,12486,1
758,1385,19531,10921,1
759,730,12691,12622,1
759,758,12691,19531,1
759,911,12691,13007,1
759,1147,12691,15762,1
766,189,17805,18896,1
766,599,17805,12308,2
766,608,17805,18715,1
766,671,17805,16442,1
766,828,17805,19197,1
766,948,17805,19185,1
766,982,17805,13158,2
766,1004,17805,19103,3
766,1013,17805,19066,1
766,1198,17805,13525,1
766,1427,17805,17104,1
766,1504,17805,17025,1
767,660,16801,17704,1
767,665,16801,15471,1
768,153,12718,19675,1
768,427,12718,16693,1
768,1012,12718,13149,1
768,1621,12718,17016,1
768,1699,12718,20424,1
769,400,12691,11735,1
769,496,12691,11956,1
769,1182,12691,19580,1
776,749,16661,17685,1
776,944,16661,13050,1
777,809,17901,12858,1
778,995,12831,19281,1
778,1041,12831,19164,1
778,1127,12831,19124,1
778,1160,12831,19045,1
778,1233,12831,13534,1
779,919,12731,13005,1
783,382,19837,19718,1
783,996,19837,15492,1
783,1684,19837,16375,1
785,70,12716,18860,1
785,202,12716,11298,2
786,1391,20444,19337,1
787,970,19457,12258,1
788,135,12810,19636,1
788,275,12810,20389,1
788,1048,12810,13280,1
788,1310,12810,13736,1
789,348,19214,11582,1
789,806,19214,12735,1
790,339,12729,11524,1
794,123,19955,18991,1
794,314,19955,11442,1
794,622,19955,19903,1
794,956,19955,17380,1
794,1505,19955,20533,1
797,1019,12741,13175,1
797,1241,12741,19576,2
797,1369,12741,17439,1
798,216,15496,20281,1
798,1147,15496,15762,1
798,1349,15496,19359,1
798,1655,15496,14649,2
800,1138,12740,18625,1
800,1346,12740,13891,1
800,1629,12740,16599,2
803,160,16409,15450,1
803,371,16409,11627,1
803,451,16409,16978,1
803,602,16409,16973,1
803,628,16409,12600,1
803,980,16409,13119,1
803,1273,16409,18714,1
803,1492,16409,14205,1
804,767,19533,16801,1
804,1384,19533,13970,1
806,29,12735,16838,2
806,1699,12735,20424,1
810,642,12858,12392,1
811,768,19206,12718,1
811,1133,19206,13356,1
812,55,12785,20725,2
812,713,12785,19550,1
813,1455,12785,14150,1
815,1194,17626,13470,1
816,645,12778,16643,1
816,673,12778,12507,1
818,599,12868,12308,1
818,712,12868,17900,1
818,1699,12868,20424,1
819,962,15196,19853,1
819,1075,15196,13223,1
819,1098,15196,19297,1
819,1200,15196,17892,1
820,1455,12158,14150,1
821,382,12771,19718,1
825,395,15223,19022,1
828,882,19197,12953,1
829,804,12522,19533,1
832,1186,12802,15709,1
833,640,19192,16642,1
833,709,19192,12601,1
834,1576,12760,14406,1
835,679,19889,17636,1
835,944,19889,13050,1
835,970,19889,12258,1
835,1016,19889,19166,1
835,1171,19889,19036,1
835,1249,19889,13593,1
835,1294,19889,19032,1
835,1405,19889,13945,1
836,650,15186,15743,1
836,1405,15186,13945,1
837,1067,19236,13290,1
838,1016,12868,19166,1
839,275,19865,20389,1
839,1048,19865,13280,1
839,1326,19865,13762,1
840,1285,12830,13702,1
841,600,15308,12354,1
842,192,12813,15733,1
842,532,12813,12154,1
842,617,12813,19546,1
842,881,12813,12895,1
842,976,12813,13140,1
842,1699,12813,20424,1
843,111,19211,11156,1
844,1453,12868,14181,1
845,403,12813,16702,1
845,819,12813,15196,1
845,1402,12813,14001,1
846,1385,17927,10921,1
848,149,12853,19603,1
849,1015,12923,13359,1
850,541,19526,12016,1
851,1008,12844,17937,1
855,847,12852,12834,1
855,1673,12852,20648,1
856,688,12796,12547,1
856,769,12796,12691,1
856,864,12796,12912,1
856,1194,12796,13470,1
856,1359,12796,13882,1
856,1520,12796,15768,1
858,1013,18717,19066,1
859,526,12851,18086,1
862,1304,19268,13841,1
865,1294,12882,19032,1
865,1412,12882,17548,1
866,1402,19526,14001,1
871,520,16893,16017,1
872,622,13366,19903,1
872,1316,13366,13726,1
873,206,15261,18868,2
873,280,15261,11397,1
873,687,15261,12424,1
873,1175,15261,13453,1
873,1384,15261,13970,1
877,244,12886,20295,1
881,835,12895,19889,1
881,1455,12895,14150,1
881,1482,12895,20544,1
881,1509,12895,14288,1
882,673,12953,12507,1
882,726,12953,12626,1
882,889,12953,17318,1
883,393,12954,11697,1
883,1198,12954,13525,1
884,1263,19848,13606,1
884,1323,19848,13733,1
885,590,12913,12311,1
885,1281,12913,17917,1
890,284,20441,19703,1
890,351,20441,17684,1
890,1074,20441,13286,1
890,1152,20441,13413,1
890,1547,20441,14365,1
891,1455,19196,14150,1
891,1693,19196,16925,1
895,1482,12948,20544,1
897,704,19186,17278,1
898,634,12947,16639,2
898,662,12947,12470,1
900,504,15723,15135,1
900,571,15723,16785,1
900,595,15723,16242,1
900,1051,15723,15528,1
900,1174,15723,17476,1
900,1178,15723,19401,1
900,1230,15723,16580,1
901,734,12982,12635,1
901,833,12982,19192,1
901,1332,12982,13841,1
903,1453,19180,14181,1
907,666,19477,12491,1
908,530,12966,12149,1
908,679,12966,17636,1
908,1555,12966,14342,1
908,1593,12966,14456,1
910,651,19473,20496,1
910,694,19473,12564,1
913,76,12937,11105,3
913,84,12937,19612,1
913,90,12937,19615,2
913,135,12937,19636,2
913,141,12937,19637,1
913,168,12937,11218,1
913,238,12937,11342,1
914,299,12937,20617,1
914,1098,12937,19297,1
914,1194,12937,13470,1
914,1419,12937,15546,1
915,1035,12526,13234,1
916,225,12971,17826,1
923,884,17383,19848,1
926,923,19846,17383,1
927,262,19434,11378,1
928,698,19449,12546,1
930,111,12993,11156,1
930,798,12993,15496,1
930,1148,12993,13411,1
930,1299,12993,13682,1
933,661,13033,19961,1
933,802,13033,15496,1
933,1393,13033,13884,1
933,1468,13033,17881,2
938,340,13018,20345,2
939,666,13131,12491,1
939,1236,13131,15606,1
941,281,13017,11386,1
941,683,13017,12426,1
941,808,13017,12728,1
941,1212,13017,14534,1
941,1278,13017,19394,1
941,1407,13017,20451,1
943,782,13030,15496,1
943,1357,13030,13867,1
944,326,13050,11449,1
944,720,13050,20448,1
944,1133,13050,13356,1
945,242,15758,19635,1
945,1310,15758,13736,1
946,206,13060,18868,1
946,275,13060,20389,1
946,344,13060,15426,1
946,411,13060,11782,1
946,442,13060,20039,1
946,869,13060,19209,1
946,1133,13060,13356,1
946,1186,13060,15709,1
946,1418,13060,19429,1
946,1693,13060,16925,1
947,333,15937,11467,1
949,1527,19444,14314,2
951,701,19126,12488,1
951,803,19126,16409,1
951,1127,19126,19124,1
951,1436,19126,18599,1
952,1493,13118,17558,1
955,1319,13060,18621,1
955,1405,13060,13945,1
956,743,17380,12647,1
957,884,17382,19848,1
959,1051,17380,15528,1
962,660,19853,17704,1
962,1308,19853,17895,1
963,577,13094,12155,1
965,704,13092,17278,1
966,1305,19221,13740,1
970,411,12258,11782,1
970,693,12258,12554,1
970,1076,12258,13287,1
970,1105,12258,18645,1
970,1228,12258,13564,1
970,1277,12258,13642,1
970,1404,12258,14033,1
970,1427,12258,17104,1
970,1524,12258,14250,1
970,1694,12258,20427,1
972,111,15832,11156,1
972,144,15832,15792,1
972,291,15832,19592,1
972,504,15832,15135,1
972,514,15832,12059,1
972,1148,15832,13411,1
976,704,13140,17278,1
976,1625,13140,16131,1
978,87,13103,18468,1
978,403,13103,16702,1
978,469,13103,11875,1
978,923,13103,17383,1
979,749,13145,17685,1
979,1190,13145,13479,1
980,106,13119,18951,1
980,206,13119,18868,1
980,424,13119,20313,1
980,1206,13119,18036,1
980,1475,13119,17096,1
982,206,13158,18868,1
982,670,13158,12505,1
982,778,13158,12831,1
982,1332,13158,13841,1
984,1035,19224,13234,1
985,1118,19856,15576,1
985,1174,19856,17476,1
986,850,17375,19526,1
986,1036,17375,12351,1
986,1312,17375,13713,1
988,1378,13128,13964,1
988,1434,13128,14139,1
991,1168,19172,13483,1
992,4,15124,18805,2
992,1579,15124,14383,1
995,1027,19281,18643,1
995,1067,19281,13290,1
995,1301,19281,13698,1
995,1504,19281,17025,1
996,522,15492,11802,1
996,725,15492,15499,1
996,783,15492,19837,1
996,1220,15492,19588,1
996,1441,15492,14103,1
997,1408,13127,14029,1
998,1312,13160,13713,1
1000,730,13129,12622,1
1000,790,13129,12729,1
1000,907,13129,19477,1
1002,1299,13157,13682,1
1004,63,19103,11099,1
1004,628,19103,12600,1
1004,704,19103,17278,1
1004,1184,19103,13492,1
1004,1186,19103,15709,1
1004,1453,19103,14181,1
1004,1582,19103,18573,1
1006,169,13153,11250,1
1006,211,13153,18866,1
1006,539,13153,12132,1
1006,749,13153,17685,1
1006,982,13153,13158,1
1006,1132,13153,13283,1
1006,1133,13153,13356,1
1006,1216,13153,19091,1
1006,1258,13153,13607,1
1006,1275,13153,13667,1
1006,1453,13153,14181,1
1006,1592,13153,18574,1
1007,215,13153,11309,1
1007,1257,13153,19084,1
1007,1452,13153,14181,1
1007,1560,13153,14378,1
1008,1226,17937,18713,1
1009,165,17937,18936,1
1009,441,17937,11794,1
1009,701,17937,12488,1
1009,1453,17937,14181,1
1011,1127,19113,19124,1
1011,1258,19113,13607,1
1011,1304,19113,13841,1
1012,354,13149,11581,1
1012,386,13149,16711,1
1012,1175,13149,13453,1
1012,1351,13149,17973,1
1013,316,19066,16725,1
1013,766,19066,17805,1
1013,788,19066,12810,1
1013,1226,19066,18713,1
1013,1240,19066,19051,1
1013,1305,19066,13740,1
1013,1647,19066,14723,1
1014,915,13148,12526,1
1015,40,13359,18740,2
1015,1150,13359,19435,1
1016,142,19166,18974,1
1016,704,19166,17278,1
1016,1326,19166,13762,1
1017,690,13167,12624,1
1017,1116,13167,15576,1
1019,73,13175,18940,1
1020,845,19839,12813,1
1020,1477,19839,18008,1
1023,658,19300,12432,1
1023,1474,19300,14943,1
1027,1178,18643,19401,1
1027,1579,18643,14383,1
1030,485,13088,20024,2
1030,1127,13088,19124,1
1035,1013,13234,19066,1
1035,1057,13234,18033,1
1035,1103,13234,13367,1
1035,1258,13234,13607,2
1035,1304,13234,13841,1
1035,1350,13234,13877,1
1035,1408,13234,14029,1
1036,504,12351,15135,1
1036,1263,12351,13606,1
1036,1301,12351,13698,1
1036,1593,12351,14456,1
1037,1310,13218,13736,1
1037,1398,13218,17444,1
1037,1533,13218,14312,1
1037,1673,13218,20648,1
1042,71,13189,18434,1
1042,354,13189,11581,1
1042,666,13189,12491,1
1042,674,13189,12486,1
1042,768,13189,12718,1
1042,855,13189,12852,1
1044,720,19070,20448,1
1044,901,19070,12982,1
1044,1226,19070,18713,1
1048,925,13280,19246,1
1050,844,13280,12868,1
1051,54,15528,16849,1
1051,974,15528,13063,1
1053,284,13248,19703,1
1054,916,13254,12971,1
1054,1560,13254,14378,1
1057,139,18033,19603,1
1057,620,18033,12336,1
1057,803,18033,16409,1
1057,1206,18033,18036,1
1057,1269,18033,13629,1
1057,1493,18033,17558,1
1057,1521,18033,10890,1
1057,1544,18033,20454,1
1057,1647,18033,14723,1
1058,1111,19111,17906,1
1059,506,15457,20020,2
1061,1100,19144,13335,1
1062,1162,19076,19153,1
1062,1257,19076,19084,1
1062,1452,19076,14181,1
1062,1540,19076,18588,1
1063,1258,13258,13607,1
1063,1326,13258,13762,1
1064,842,14908,12813,1
1066,639,18644,12444,1
1066,1492,18644,14205,1
1067,306,13290,11459,1
1067,1326,13290,13762,1
1069,522,15498,11802,1
1069,683,15498,12426,1
1069,1219,15498,16805,1
1069,1262,15498,16812,1
1069,1321,15498,13731,1
1069,1604,15498,16142,1
1070,235,15498,11301,1
1071,127,13292,18915,1
1071,630,13292,12325,1
1071,908,13292,12966,1
1071,1211,13292,13403,1
1074,884,13286,19848,1
1074,915,13286,12526,1
1074,1177,13286,13426,1
1075,5,13223,11072,1
1075,856,13223,12796,1
1076,482,13287,11941,1
1076,511,13287,11988,1
1076,520,13287,16017,1
1077,1337,13274,19343,1
1079,1022,13261,13163,1
1080,1271,18013,13637,1
1080,1569,18013,18588,1
1081,556,15714,16788,1
1081,1530,15714,14329,1
1082,338,15714,11536,1
1082,734,15714,12635,1
1082,988,15714,13128,1
1082,1146,15714,19158,1
1082,1317,15714,19378,1
1083,1132,19120,13283,2
1084,1192,19071,19141,1
1084,1615,19071,18569,1
1086,1100,19071,13335,1
1086,1565,19071,17020,1
1087,965,17906,13092,1
1089,1086,13332,19071,1
1096,687,19587,12424,1
1100,1129,13335,13392,1
1100,1165,13335,19153,1
1100,1184,13335,13492,1
1100,1216,13335,19091,1
1101,1408,13344,14029,1
1103,1297,13367,13759,1
1104,1193,13345,18635,1
1105,1165,18645,19153,1
1106,1035,13362,13234,1
1106,1507,13362,14269,1
1107,206,19096,18868,1
1107,1408,19096,14029,1
1108,1618,18645,14565,1
1111,982,17906,13158,1
1114,1026,19435,19554,1
1116,1384,15576,13970,1
1116,1416,15576,17519,1
1117,1469,13390,14197,1
1120,1211,13395,13403,1
1120,1344,13395,13896,1
1120,1419,13395,15546,1
1120,1695,13395,16470,1
1121,767,19334,16801,1
1121,1169,19334,13408,1
1121,1480,19334,14635,1
1123,950,13324,13058,1
1123,1206,13324,18036,1
1124,1294,13183,19032,1
1124,1372,13183,14010,1
1125,659,13283,17704,1
1125,812,13283,12785,2
1125,943,13283,13030,1
1125,1481,13283,16585,1
1126,326,13353,11449,1
1126,1249,13353,13593,1
1127,206,19124,18868,1
1127,1030,19124,13088,1
1127,1521,19124,10890,1
1128,803,13183,16409,1
1129,696,13392,16983,1
1129,1452,13392,14181,1
1129,1582,13392,18573,1
1132,1083,13283,19120,2
1132,1085,13283,19120,1
1132,1089,13283,13332,3
1132,1146,13283,19158,2
1132,1197,13283,17892,1
1132,1427,13283,17104,1
1133,17,13356,18725,1
1133,285,13356,11445,1
1133,1006,13356,13153,1
1133,1304,13356,13841,1
1133,1521,13356,10890,1
1134,650,13378,15743,1
1134,660,13378,17704,1
1134,1565,13378,17020,1
1136,1289,19583,15447,1
1137,919,18661,13005,1
1142,1301,18629,13698,1
1143,29,19409,16838,2
1143,250,19409,20302,1
1143,269,19409,11395,10
1143,281,19409,11386,5
1143,297,19409,11414,3
1143,298,19409,11426,5
1143,309,19409,15329,1
1143,584,19409,12304,1
1143,812,19409,12785,2
1144,1391,19581,19337,2
1146,1009,19158,17937,1
1146,1132,19158,13283,3
1146,1333,19158,13874,1
1146,1453,19158,14181,1
1146,1569,19158,18588,1
1147,636,15762,12312,1
1147,931,15762,19127,1
1147,944,15762,13050,1
1147,982,15762,13158,1
1147,992,15762,15124,1
1147,1257,15762,19084,2
1147,1294,15762,19032,1
1147,1305,15762,13740,1
1147,1691,15762,14735,1
1147,1699,15762,20424,1
1148,201,13411,11322,1
1148,416,13411,11810,1
1148,881,13411,12895,1
1148,988,13411,13128,1
1148,1457,13411,14155,1
1150,1350,19435,13877,1
1155,662,17414,12470,1
1155,1301,17414,13698,1
1156,168,13422,11218,1
1156,235,13422,11301,1
1156,314,13422,11442,1
1156,636,13422,12312,1
1156,725,13422,15499,1
1156,985,13422,19856,1
1156,1313,13422,16820,1
1159,674,17913,12486,1
1160,1306,19045,13706,1
1161,117,19059,15127,1
1161,837,19059,19236,1
1161,1559,19059,10874,1
1163,1050,18657,13280,1
1163,1349,18657,19359,1
1164,1561,13441,14423,1
1164,1562,13441,14361,1
1165,766,19153,17805,1
1165,1132,19153,13283,2
1166,758,19582,19531,1
1166,1231,19582,11779,1
1168,991,13483,19172,1
1168,1013,13483,19066,1
1168,1133,13483,13356,1
1168,1208,13483,16816,1
1169,726,13408,12626,1
1171,1058,19036,19111,1
1171,1305,19036,13740,1
1171,1372,19036,14010,1
1171,1581,19036,14392,1
1174,645,17476,16643,1
1174,985,17476,19856,1
1174,1220,17476,19588,1
1174,1406,17476,14013,1
1175,386,13453,16711,1
1175,596,13453,19990,1
1175,630,13453,12325,1
1175,730,13453,12622,1
1175,1295,13453,13592,1
1176,53,13462,15690,1
1176,1150,13462,19435,1
1177,1374,13426,13964,1
1178,1474,19401,14943,1
1179,1395,13556,14052,1
1181,275,13491,20389,1
1181,1030,13491,13088,1
1181,1374,13491,13964,1
1182,1299,19580,13682,1
1182,1357,19580,13867,1
1184,794,13492,19955,1
1184,1013,13492,19066,1
1184,1233,13492,13534,1
1184,1372,13492,14010,1
1185,1015,17418,13359,2
1185,1195,17418,17485,1
1186,187,15709,11230,1
1186,575,15709,12155,1
1186,986,15709,17375,1
1186,1089,15709,13332,1
1186,1108,15709,18645,1
1186,1348,15709,13885,1
1187,892,19129,19180,1
1188,1171,19136,19036,1
1188,1301,19136,13698,1
1190,870,13479,19209,1
1190,1122,13479,13379,1
1192,769,19141,12691,1
1192,966,19141,19221,1
1192,983,19141,19224,1
1194,91,13470,18921,1
1194,730,13470,12622,1
1194,972,13470,15832,1
1195,354,17485,11581,1
1195,820,17485,12158,1
1197,1229,17892,16830,1
1198,977,13525,19277,1
1198,1412,13525,17548,1
1203,883,13501,12954,1
1205,1350,13480,13877,1
1205,1378,13480,13964,1
1206,658,18036,12432,1
1206,980,18036,13119,1
1206,1453,18036,14181,1
1206,1520,18036,15768,1
1207,1165,13480,19153,1
1207,1406,13480,14013,1
1207,1588,13480,14454,1
1211,159,13403,11222,1
1211,1168,13403,13483,1
1211,1390,13403,14002,1
1211,1443,13403,14120,1
1212,1100,14534,13335,1
1218,1462,13524,10846,1
1219,1069,16805,15498,1
1219,1229,16805,16830,1
1220,193,19588,11255,1
1220,900,19588,15723,1
1220,926,19588,19846,1
1220,1117,19588,13390,1
1220,1156,19588,13422,3
1220,1317,19588,19378,1
1220,1324,19588,19364,1
1223,595,13563,16242,1
1223,1133,13563,13356,1
1223,1296,13563,18600,1
1224,944,18659,13050,1
1224,1001,18659,13114,1
1224,1006,18659,13153,1
1226,682,18713,18715,2
1226,865,18713,12882,1
1226,946,18713,13060,1
1226,947,18713,15937,1
1226,973,18713,17937,1
1226,1044,18713,19070,2
1226,1057,18713,18033,2
1227,984,19145,19224,1
1228,1339,13564,19386,1
1229,701,16830,12488,1
1229,802,16830,15496,1
1229,1036,16830,12351,1
1229,1064,16830,14908,1
1229,1219,16830,16805,1
1229,1308,16830,17895,4
1229,1313,16830,16820,3
1229,1346,16830,13891,1
1229,1515,16830,14275,1
1230,141,16580,19637,1
1233,639,13534,12444,1
1233,1037,13534,13218,1
1233,1351,13534,17973,2
1233,1419,13534,15546,1
1235,41,13548,18854,2
1235,190,13548,11286,2
1235,571,13548,16785,2
1235,590,13548,12311,2
1235,733,13548,19887,2
1235,1441,13548,14103,1
1236,1416,15606,17519,1
1236,1421,15606,14130,1
1236,1655,15606,14649,1
1237,1528,13555,17833,2
1238,6,13560,18825,2
1238,255,13560,19664,2
1238,348,13560,11582,2
1238,652,13560,12403,2
1238,1006,13560,13153,1
1238,1365,13560,19358,1
1241,970,19576,12258,1
1242,1397,13587,17986,1
1242,1439,13587,18000,1
1244,1305,13637,13740,1
1249,411,13593,11782,1
1249,911,13593,13007,1
1249,1057,13593,18033,1
1250,199,16829,19008,1
1250,1262,16829,16812,1
1251,390,13596,11730,1
1251,769,13596,12691,1
1251,915,13596,12526,1
1251,1697,13596,20424,1
1257,142,19084,18974,1
1257,1092,19084,13324,1
1257,1274,19084,18714,1
1257,1452,19084,14181,1
1257,1588,19084,14454,1
1258,229,13607,18277,1
1258,1035,13607,13234,1
1258,1100,13607,13335,1
1258,1107,13607,19096,1
1259,1067,18713,13290,1
1260,1610,17430,14494,1
1260,1646,17430,16339,1
1262,1069,16812,15498,1
1263,292,13606,11412,1
1263,440,13606,19028,1
1263,505,13606,19019,1
1263,1071,13606,13292,1
1263,1321,13606,13731,1
1263,1439,13606,18000,1
1263,1588,13606,14454,1
1266,1604,13614,16142,1
1269,1274,13629,18714,1
1269,1486,13629,10884,1
1270,1035,13599,13234,1
1270,1600,13599,14483,1
1271,1074,13637,13286,1
1271,1080,13637,18013,1
1274,1216,18714,19091,1
1274,1269,18714,13629,2
1274,1372,18714,14010,1
1274,1453,18714,14181,1
1274,1486,18714,10884,1
1277,1337,13642,19343,1
1277,1397,13642,17986,1
1277,1483,13642,17909,1
1277,1551,13642,18074,1
1277,1693,13642,16925,1
1278,134,19394,19602,1
1279,730,17917,12622,1
1282,970,18612,12258,1
1282,1347,18612,18620,1
1282,1528,18612,17833,2
1287,996,16825,15492,1
1287,1200,16825,17892,1
1287,1289,16825,15447,1
1287,1376,16825,17979,1
1288,27,13639,16840,1
1288,258,13639,19650,1
1289,452,15447,18309,1
1289,725,15447,15499,1
1289,1220,15447,19588,1
1289,1370,15447,13911,1
1289,1397,15447,17986,1
1289,1515,15447,14275,1
1289,1693,15447,16925,1
1290,1315,13591,13724,1
1291,281,15539,11386,2
1291,315,15539,20377,2
1291,806,15539,12735,2
1291,1017,15539,13167,1
1292,1219,13591,16805,1
1292,1519,13591,16577,1
1294,135,19032,19636,1
1294,769,19032,12691,1
1294,946,19032,13060,1
1294,979,19032,13145,1
1294,1008,19032,17937,1
1294,1057,19032,18033,1
1294,1063,19032,13258,1
1294,1100,19032,13335,1
1294,1147,19032,15762,2
1294,1274,19032,18714,2
1294,1403,19032,14052,1
1294,1465,19032,18597,1
1294,1486,19032,10884,1
1294,1620,19032,17128,1
1295,1402,13592,14001,1
1295,1461,13592,17996,1
1295,1618,13592,14565,2
1296,1089,18600,13332,1
1297,1033,13759,13233,1
1299,239,13682,19012,1
1299,701,13682,12488,1
1299,1410,13682,19339,1
1299,1476,13682,18009,1
1299,1519,13682,16577,1
1299,1699,13682,20424,1
1301,1111,13698,17906,1
1301,1181,13698,13491,1
1301,1326,13698,13762,1
1304,209,13841,18284,1
1304,270,13841,11372,1
1304,1100,13841,13335,1
1304,1129,13841,13392,1
1304,1413,13841,17076,1
1304,1488,13841,17466,1
1305,1004,13740,19103,1
1305,1006,13740,13153,1
1305,1035,13740,13234,1
1305,1044,13740,19070,1
1305,1084,13740,19071,1
1305,1147,13740,15762,1
1305,1163,13740,18657,1
1305,1181,13740,13491,1
1305,1389,13740,14012,1
1305,1465,13740,18597,1
1305,1508,13740,17025,1
1305,1647,13740,14723,1
1306,411,13706,11782,1
1306,970,13706,12258,1
1306,1592,13706,18574,1
1308,986,17895,17375,1
1308,1287,17895,16825,1
1308,1352,17895,13871,1
1308,1448,17895,15102,1
1308,1515,17895,14275,1
1310,1560,13736,14378,1
1310,1621,13736,17016,1
1311,595,13708,16242,1
1311,730,13708,12622,1
1313,1070,16820,15498,1
1313,1134,16820,13378,1
1313,1144,16820,19581,1
1313,1208,16820,16816,1
1313,1383,16820,10900,1
1315,944,13724,13050,1
1315,1474,13724,14943,1
1316,673,13726,12507,1
1316,856,13726,12796,1
1316,1024,13726,19300,1
1316,1360,13726,13916,1
1321,270,13731,11372,1
1321,403,13731,16702,1
1321,630,13731,12325,1
1321,701,13731,12488,1
1321,969,13731,19481,1
1321,1014,13731,13148,1
1321,1125,13731,13283,1
1321,1220,13731,19588,1
1321,1263,13731,13606,2
1321,1295,13731,13592,1
1321,1312,13731,13713,1
1321,1391,13731,19337,1
1321,1465,13731,18597,1
1321,1492,13731,14205,2
1321,1602,13731,14487,1
1321,1684,13731,16375,1
1322,1163,18607,18657,1
1324,546,19364,19785,1
1324,1344,19364,13896,1
1326,980,13762,13119,1
1326,1088,13762,18667,1
1326,1147,13762,15762,1
1326,1161,13762,19059,1
1326,1224,13762,18659,1
1326,1458,13762,17101,1
1328,1176,13774,13462,1
1332,951,13841,19126,1
1332,1066,13841,18644,1
1332,1168,13841,13483,1
1332,1493,13841,17558,1
1332,1540,13841,18588,1
1333,1121,13874,19334,1
1334,490,13874,11999,1
1335,1439,13832,18000,1
1337,206,19343,18868,1
1338,1035,13784,13234,1
1338,1434,13784,14139,1
1340,1198,13732,13525,1
1342,351,13759,17684,1
1342,1408,13759,14029,1
1342,1573,13759,14399,1
1343,1074,13865,13286,1
1344,166,13896,19639,1
1344,1321,13896,13731,1
1345,1251,19365,13596,1
1345,1488,19365,17466,1
1346,147,13891,11332,1
1346,794,13891,19955,1
1346,901,13891,12982,1
1346,1082,13891,15714,2
1346,1604,13891,16142,1
1346,1621,13891,17016,1
1346,1679,13891,15253,1
1347,1516,18620,15066,1
1348,208,13885,19635,1
1348,734,13885,12635,1
1348,1042,13885,13189,1
1349,986,19359,17375,1
1349,1071,19359,13292,1
1349,1489,19359,17879,1
1350,352,13877,11564,1
1350,841,13877,15308,1
1350,1063,13877,13258,1
1350,1220,13877,19588,1
1350,1367,13877,18619,1
1351,1568,17973,10796,1
1352,652,13871,12403,1
1352,1263,13871,13606,1
1353,403,13774,16702,1
1354,1515,13774,14275,1
1355,1308,13774,17895,1
1355,1313,13774,16820,1
1355,1536,13774,14302,1
1356,316,13897,16725,2
1356,1490,13897,14210,1
1357,1220,13867,19588,1
1357,1646,13867,16339,1
1357,1684,13867,16375,1
1358,1057,13840,18033,1
1358,1147,13840,15762,1
1359,375,13882,20699,1
1360,275,13916,20389,1
1363,969,13898,19481,1
1365,1181,19358,13491,1
1365,1324,19358,19364,1
1368,991,13936,19172,1
1368,1540,13936,18588,1
1369,1291,17439,15539,1
1370,856,13911,12796,1
1372,1163,14010,18657,1
1372,1171,14010,19036,1
1372,1270,14010,13599,1
1372,1465,14010,18597,1
1372,1581,14010,14392,1
1372,1592,14010,18574,1
1373,1492,19432,14205,1
1374,818,13964,12868,1
1374,1275,13964,13667,1
1374,1568,13964,10796,1
1375,698,15632,12546,2
1375,1211,15632,13403,1
1375,1316,15632,13726,1
1375,1388,15632,16613,1
1375,1522,15632,14283,1
1376,488,17979,11946,1
1376,1612,17979,18388,1
1377,662,18606,12470,1
1377,1647,18606,14723,1
1381,1220,13960,19588,1
1381,1579,13960,14383,1
1381,1600,13960,14483,1
1381,1670,13960,20648,1
1382,719,14008,12538,1
1382,1504,14008,17025,1
1382,1521,14008,10890,1
1382,1618,14008,14565,1
1384,1382,13970,14008,1
1384,1546,13970,18055,1
1384,1555,13970,14342,1
1385,1411,10921,14041,1
1387,1152,16613,13413,1
1387,1511,16613,15550,1
1388,554,16613,19765,1
1388,1465,16613,18597,1
1388,1554,16613,14352,1
1389,1631,14012,16606,1
1391,1593,19337,14456,1
1392,1069,19429,15498,1
1395,1184,14052,13492,1
1395,1508,14052,17025,1
1397,287,17986,11376,1
1397,452,17986,18309,1
1397,881,17986,12895,1
1397,1179,17986,13556,1
1397,1258,17986,13607,1
1397,1263,17986,13606,1
1397,1439,17986,18000,2
1397,1539,17986,18359,2
1397,1699,17986,20424,2
1398,1436,17444,18599,1
1399,595,14020,16242,1
1401,939,14018,13131,1
1402,1590,14001,17866,1
1403,1147,14052,15762,1
1404,1163,14033,18657,1
1404,1448,14033,15102,1
1404,1494,14033,18067,1
1404,1498,14033,10844,1
1404,1547,14033,14365,1
1404,1560,14033,14378,1
1405,1067,13945,13290,1
1405,1226,13945,18713,1
1405,1294,13945,19032,1
1406,245,14013,18892,1
1406,1301,14013,13698,1
1407,321,20451,19698,1
1407,403,20451,16702,1
1407,1182,20451,19580,1
1407,1355,20451,13774,1
1407,1482,20451,20544,1
1408,1177,14029,13426,1
1408,1297,14029,13759,1
1408,1389,14029,14012,1
1408,1569,14029,18588,1
1408,1577,14029,14346,1
1409,55,14020,20725,2
1410,5,19339,11072,1
1410,452,19339,18309,1
1410,565,19339,19987,1
1410,857,19339,12862,1
1410,1116,19339,15576,1
1410,1310,19339,13736,1
1410,1509,19339,14288,1
1410,1547,19339,14365,1
1410,1621,19339,17016,1
1411,1466,14041,14170,2
1412,1013,17548,19066,1
1412,1374,17548,13964,1
1412,1487,17548,13955,1
1415,1466,14094,14170,1
1416,1402,17519,14001,1
1416,1537,17519,16129,1
1416,1624,17519,14600,1
1417,794,14052,19955,1
1417,1166,14052,19582,1
1417,1630,14052,18585,1
1418,1442,19429,14106,1
1419,244,15546,20295,1
1419,1275,15546,13667,1
1419,1372,15546,14010,1
1421,806,14130,12735,1
1421,1140,14130,18629,1
1423,1481,19431,16585,1
1424,745,14088,17294,1
1424,1487,14088,13955,1
1424,1592,14088,18574,1
1426,1071,15837,13292,1
1426,1441,15837,14103,1
1426,1626,15837,14564,1
1426,1646,15837,16339,1
1427,678,17104,12539,1
1427,1133,17104,13356,1
1427,1522,17104,14283,1
1429,1499,17977,16586,1
1431,1241,17989,19576,1
1431,1661,17989,14653,1
1432,1588,14114,14454,1
1432,1610,14114,14494,1
1434,1000,14139,13129,1
1434,1697,14139,20424,1
1436,980,18599,13119,1
1436,1294,18599,19032,2
1436,1326,18599,13762,1
1437,1284,14131,13662,1
1438,1364,15548,13964,1
1438,1538,15548,14330,1
1439,58,18000,18699,1
1439,249,18000,20360,1
1439,351,18000,17684,1
1439,1316,18000,13726,1
1439,1384,18000,13970,1
1439,1385,18000,10921,1
1439,1441,18000,14103,1
1439,1464,18000,14180,1
1439,1478,18000,14234,1
1439,1484,18000,14220,1
1439,1527,18000,14314,1
1439,1683,18000,18590,1
1439,1693,18000,16925,1
1440,1382,14143,14008,1
1440,1427,14143,17104,1
1441,1537,14103,16129,1
1441,1594,14103,16590,1
1443,186,14120,15788,1
1443,279,14120,16741,2
1443,566,14120,16755,1
1443,943,14120,13030,1
1443,1167,14120,15566,1
1443,1391,14120,19337,1
1443,1566,14120,18360,1
1446,1013,14175,19066,1
1446,1101,14175,13344,1
1446,1511,14175,15550,1
1447,1558,14937,14366,1
1449,1211,18005,13403,1
1449,1621,18005,17016,1
1449,1646,18005,16339,1
1452,608,14181,18715,1
1452,680,14181,18715,1
1452,835,14181,19889,1
1452,852,14181,12844,1
1452,1004,14181,19103,1
1452,1163,14181,18657,1
1452,1226,14181,18713,1
1453,97,14181,19605,1
1453,847,14181,12834,1
1453,966,14181,19221,1
1453,992,14181,15124,1
1453,1084,14181,19071,1
1453,1146,14181,19158,1
1453,1226,14181,18713,1
1453,1306,14181,13706,1
1453,1358,14181,13840,1
1453,1374,14181,13964,1
1453,1458,14181,17101,1
1453,1563,14181,10874,1
1453,1582,14181,18573,2
1453,1610,14181,14494,1
1454,1387,15552,16613,1
1454,1405,15552,13945,1
1455,589,14150,20482,1
1455,816,14150,12778,1
1455,820,14150,12158,1
1455,1398,14150,17444,1
1457,1487,14155,13955,1
1458,211,17101,18866,1
1458,951,17101,19126,1
1458,1084,17101,19071,1
1458,1133,17101,13356,1
1458,1469,17101,14197,1
1458,1494,17101,18067,1
1458,1565,17101,17020,1
1458,1620,17101,17128,1
1460,528,14131,19999,1
1461,340,17996,20345,2
1461,1071,17996,13292,1
1462,864,10846,12912,1
1464,52,14180,18865,1
1464,239,14180,19012,1
1464,451,14180,16978,1
1464,988,14180,13128,1
1464,1249,14180,13593,1
1464,1537,14180,16129,1
1465,3,18597,16208,1
1465,1062,18597,19076,1
1465,1294,18597,19032,1
1465,1372,18597,14010,1
1465,1596,18597,14475,2
1465,1614,18597,18598,1
1466,403,14170,16702,1
1466,527,14170,12115,1
1466,630,14170,12325,1
1466,1235,14170,13548,2
1466,1263,14170,13606,1
1466,1289,14170,15447,1
1466,1326,14170,13762,1
1466,1646,14170,16339,1
1467,262,14186,11378,1
1467,1624,14186,14600,1
1468,1568,17881,10796,2
1470,1532,14155,14336,1
1471,1577,14210,14346,2
1472,1063,14166,13258,1
1472,1195,14166,17485,1
1472,1492,14166,14205,1
1474,590,14943,12311,1
1474,1125,14943,13283,1
1474,1311,14943,13708,1
1474,1321,14943,13731,1
1474,1377,14943,18606,1
1474,1429,14943,17977,1
1475,1013,17096,19066,1
1475,1326,17096,13762,1
1475,1354,17096,13774,1
1475,1521,17096,10890,1
1476,1242,18009,13587,1
1476,1321,18009,13731,1
1477,539,18008,12132,1
1477,1129,18008,13392,1
1477,1375,18008,15632,1
1478,300,14234,20364,1
1478,1195,14234,17485,1
1478,1373,14234,19432,1
1478,1547,14234,14365,1
1478,1600,14234,14483,1
1478,1697,14234,20424,1
1479,1491,14156,15550,1
1479,1593,14156,14456,1
1480,787,14635,19457,1
1480,820,14635,12158,1
1480,1338,14635,13784,1
1480,1397,14635,17986,1
1480,1656,14635,14641,1
1481,191,16585,11232,1
1481,1076,16585,13287,1
1481,1121,16585,19334,1
1481,1175,16585,13453,2
1481,1519,16585,16577,1
1481,1684,16585,16375,1
1481,1685,16585,16539,1
1482,171,20544,19004,1
1482,1211,20544,13403,1
1482,1370,20544,13911,1
1483,1691,17909,14735,1
1486,1163,10884,18657,1
1486,1269,10884,13629,1
1486,1274,10884,18714,1
1486,1565,10884,17020,1
1486,1647,10884,14723,1
1487,1224,13955,18659,1
1487,1304,13955,13841,1
1487,1350,13955,13877,1
1487,1588,13955,14454,1
1488,1304,17466,13841,1
1488,1305,17466,13740,1
1488,1309,17466,17436,1
1488,1377,17466,18606,1
1488,1386,17466,13992,1
1488,1544,17466,20454,1
1489,1284,17879,13662,1
1489,1447,17879,14937,1
1491,1493,15550,17558,1
1492,744,14205,12553,1
1492,829,14205,12522,1
1492,1231,14205,11779,1
1492,1344,14205,13896,1
1492,1404,14205,14033,1
1492,1623,14205,14556,1
1492,1648,14205,14723,1
1492,1673,14205,20648,1
1492,1697,14205,20424,1
1493,766,17558,17805,1
1493,1011,17558,19113,1
1493,1226,17558,18713,1
1493,1491,17558,15550,1
1494,1094,18067,19288,1
1494,1551,18067,18074,1
1494,1573,18067,14399,1
1494,1608,18067,14949,1
1498,1416,10844,17519,1
1498,1531,10844,10789,1
1498,1616,10844,14549,1
1499,972,16586,15832,1
1499,1116,16586,15576,1
1499,1411,16586,14041,1
1500,1594,14251,16590,1
1501,500,18594,20105,1
1501,513,18594,18879,1
1501,1340,18594,13732,1
1501,1446,18594,14175,1
1501,1454,18594,15552,1
1501,1588,18594,14454,1
1503,1527,10840,14314,1
1504,1007,17025,13153,1
1504,1163,17025,18657,1
1504,1184,17025,13492,1
1504,1198,17025,13525,1
1504,1256,17025,10869,1
1504,1372,17025,14010,1
1504,1389,17025,14012,1
1504,1398,17025,17444,1
1504,1507,17025,14269,1
1504,1609,17025,14508,1
1505,406,20533,19026,1
1505,1279,20533,17917,1
1505,1299,20533,13682,1
1505,1475,20533,17096,1
1506,1107,14255,19096,1
1506,1699,14255,20424,1
1507,1192,14269,19141,1
1507,1198,14269,13525,1
1507,1257,14269,19084,1
1507,1258,14269,13607,1
1507,1304,14269,13841,1
1507,1332,14269,13841,1
1507,1458,14269,17101,1
1507,1588,14269,14454,1
1508,682,17025,18715,1
1508,1340,17025,13732,1
1508,1374,17025,13964,1
1508,1382,17025,14008,1
1508,1405,17025,13945,1
1509,1474,14288,14943,2
1510,1344,14286,13896,1
1511,1350,15550,13877,1
1511,1398,15550,17444,1
1511,1699,15550,20424,1
1512,1416,14274,17519,1
1512,1480,14274,14635,1
1512,1505,14274,20533,1
1515,398,14275,11725,1
1515,719,14275,12538,1
1515,783,14275,19837,1
1515,1229,14275,16830,1
1515,1308,14275,17895,2
1515,1313,14275,16820,1
1515,1385,14275,10921,2
1516,1360,15066,13916,1
1516,1486,15066,10884,1
1516,1588,15066,14454,1
1519,522,16577,11802,1
1519,1308,16577,17895,1
1519,1370,16577,13911,1
1519,1411,16577,14041,1
1519,1646,16577,16339,1
1520,270,15768,11372,1
1520,1007,15768,13153,1
1520,1030,15768,13088,1
1520,1427,15768,17104,1
1520,1488,15768,17466,1
1520,1621,15768,17016,1
1521,328,10890,19643,1
1521,766,10890,17805,1
1521,1062,10890,19076,1
1521,1294,10890,19032,1
1521,1305,10890,13740,1
1521,1598,10890,14886,1
1523,720,14295,20448,2
1524,1002,14250,13157,1
1524,1260,14250,17430,1
1524,1357,14250,13867,1
1524,1375,14250,15632,1
1524,1416,14250,17519,1
1524,1503,14250,10840,1
1527,1350,14314,13877,1
1527,1354,14314,13774,1
1527,1381,14314,13960,1
1527,1424,14314,14088,1
1527,1478,14314,14234,1
1527,1492,14314,14205,1
1527,1565,14314,17020,1
1527,1596,14314,14475,1
1527,1602,14314,14487,1
1527,1699,14314,20424,1
1528,5,17833,11072,2
1528,238,17833,11342,2
1528,243,17833,11347,2
1528,1143,17833,19409,2
1530,1207,14329,13480,1
1530,1573,14329,14399,1
1531,1168,10789,13483,1
1531,1301,10789,13698,1
1531,1419,10789,15546,1
1532,157,14336,18992,1
1532,1402,14336,14001,1
1532,1547,14336,14365,1
1533,1125,14312,13283,1
1533,1220,14312,19588,1
1534,856,14358,12796,1
1534,1684,14358,16375,1
1536,871,14302,16893,2
1536,1070,14302,15498,1
1536,1449,14302,18005,2
1537,1674,16129,14667,1
1538,1527,14330,14314,1
1539,1344,18359,13896,1
1539,1426,18359,15837,1
1539,1640,18359,14633,1
1540,701,18588,12488,1
1540,1565,18588,17020,1
1540,1647,18588,14723,1
1541,1059,14363,15457,2
1541,1602,14363,14487,1
1543,1388,18100,16613,1
1544,377,20454,11643,1
1544,1147,20454,15762,1
1544,1257,20454,19084,1
1544,1258,20454,13607,1
1544,1377,20454,18606,1
1544,1406,20454,14013,1
1544,1446,20454,14175,1
1544,1487,20454,13955,1
1544,1532,20454,14336,1
1544,1543,20454,18100,1
1544,1563,20454,10874,1
1544,1621,20454,17016,1
1544,1681,20454,14687,1
1546,1621,18055,17016,1
1547,395,14365,19022,1
1547,1209,14365,13490,1
1547,1492,14365,14205,1
1547,1593,14365,14456,1
1547,1596,14365,14475,1
1547,1610,14365,14494,1
1547,1620,14365,17128,1
1547,1624,14365,14600,1
1550,622,14369,19903,1
1551,1348,18074,13885,1
1551,1432,18074,14114,1
1551,1446,18074,14175,1
1551,1643,18074,16598,1
1554,1598,14352,14886,1
1555,381,14342,11657,1
1555,639,14342,12444,1
1555,695,14342,19837,1
1555,730,14342,12622,1
1555,970,14342,12258,1
1555,1284,14342,13662,1
1555,1439,14342,18000,1
1555,1471,14342,14210,1
1555,1646,14342,16339,1
1555,1684,14342,16375,1
1555,1699,14342,20424,1
1556,812,16584,12785,2
1556,1035,16584,13234,2
1556,1194,16584,13470,1
1556,1373,16584,19432,1
1556,1684,16584,16375,1
1557,563,17910,19904,1
1557,1325,17910,18604,1
1558,1348,14366,13885,1
1558,1406,14366,14013,1
1560,202,14378,11298,1
1560,272,14378,15772,1
1560,1081,14378,15714,1
1560,1186,14378,15709,1
1560,1189,14378,19426,1
1560,1699,14378,20424,2
1561,1079,14423,13261,1
1561,1687,14423,14669,1
1562,1460,14361,14131,1
1563,844,10874,12868,2
1563,1681,10874,14687,1
1564,571,16593,16785,1
1564,1145,16593,19158,1
1565,1061,17020,19144,1
1565,1147,17020,15762,1
1565,1210,17020,19412,1
1565,1285,17020,13702,1
1565,1326,17020,13762,1
1565,1369,17020,17439,1
1565,1432,17020,14114,1
1565,1458,17020,17101,1
1565,1597,17020,14490,1
1565,1621,17020,17016,2
1565,1637,17020,14955,1
1566,939,18360,13131,1
1566,1461,18360,17996,1
1567,1299,15272,13682,1
1567,1689,15272,10897,1
1568,111,10796,11156,2
1568,1457,10796,14155,1
1568,1698,10796,16898,1
1569,285,18588,11445,1
1569,602,18588,16973,1
1569,983,18588,19224,1
1569,1009,18588,17937,1
1569,1559,18588,10874,1
1569,1563,18588,10874,1
1571,1012,14433,13149,1
1572,1270,18099,13599,1
1572,1472,18099,14166,1
1573,1342,14399,13759,1
1573,1439,14399,18000,1
1573,1446,14399,14175,2
1573,1523,14399,14295,2
1573,1530,14399,14329,1
1577,1156,14346,13422,2
1577,1294,14346,19032,1
1577,1527,14346,14314,2
1579,1037,14383,13218,1
1579,1158,14383,13424,1
1579,1220,14383,19588,1
1579,1464,14383,14180,1
1579,1594,14383,16590,1
1579,1619,14383,14561,1
1579,1707,14383,20423,1
1580,124,14459,19002,1
1580,459,14459,20079,2
1580,1646,14459,16339,1
1581,1198,14392,13525,1
1581,1294,14392,19032,1
1581,1609,14392,14508,1
1581,1681,14392,14687,1
1581,1687,14392,14669,1
1582,206,18573,18868,1
1582,1361,18573,13882,1
1584,1686,14439,16539,1
1585,1554,14142,14352,1
1585,1614,14142,18598,1
1586,1646,18373,16339,1
1587,1549,14425,14357,1
1588,1062,14454,19076,1
1588,1206,14454,18036,1
1588,1332,14454,13841,1
1588,1427,14454,17104,1
1588,1432,14454,14114,1
1588,1438,14454,15548,1
1588,1452,14454,14181,1
1588,1453,14454,14181,1
1588,1458,14454,17101,1
1588,1501,14454,18594,1
1588,1507,14454,14269,3
1588,1508,14454,17025,1
1588,1520,14454,15768,2
1589,1194,14393,13470,1
1589,1299,14393,13682,1
1589,1612,14393,18388,1
1590,1481,17866,16585,1
1591,1439,16588,18000,1
1592,1304,18574,13841,1
1592,1647,18574,14723,1
1593,794,14456,19955,1
1593,1127,14456,19124,1
1593,1186,14456,15709,1
1593,1524,14456,14250,1
1593,1527,14456,14314,1
1593,1547,14456,14365,4
1593,1572,14456,18099,1
1593,1609,14456,14508,2
1594,1579,16590,14383,1
1596,1636,14475,16136,1
1596,1688,14475,10959,1
1598,901,14886,12982,1
1598,1509,14886,14288,1
1598,1560,14886,14378,1
1599,1012,10939,13149,1
1599,1548,10939,14257,1
1600,630,14483,12325,1
1600,972,14483,15832,1
1600,1527,14483,14314,1
1600,1594,14483,16590,1
1600,1621,14483,17016,1
1601,63,14481,11099,2
1602,164,14487,18999,2
1602,1279,14487,17917,1
1602,1410,14487,19339,1
1602,1458,14487,17101,1
1602,1527,14487,14314,2
1602,1565,14487,17020,1
1602,1624,14487,14600,1
1602,1652,14487,14959,1
1602,1681,14487,14687,1
1603,1371,14488,19349,1
1604,719,16142,12538,1
1604,725,16142,15499,1
1604,846,16142,17927,1
1604,1220,16142,19588,1
1604,1381,16142,13960,1
1604,1397,16142,17986,1
1604,1444,16142,17883,1
1604,1566,16142,18360,1
1604,1646,16142,16339,1
1604,1684,16142,16375,1
1604,1697,16142,20424,1
1604,1710,16142,16379,1
1605,1279,10763,17917,1
1605,1550,10763,14369,1
1607,1684,14512,16375,2
1609,1184,14508,13492,1
1609,1413,14508,17076,1
1609,1438,14508,15548,1
1609,1474,14508,14943,1
1609,1508,14508,17025,1
1609,1531,14508,10789,1
1609,1569,14508,18588,1
1609,1600,14508,14483,1
1609,1620,14508,17128,1
1609,1625,14508,16131,1
1609,1637,14508,14955,1
1610,1458,14494,17101,1
1610,1524,14494,14250,1
1610,1600,14494,14483,1
1612,933,18388,13033,2
1612,1263,18388,13606,1
1612,1279,18388,17917,1
1612,1321,18388,13731,1
1614,267,18598,11372,1
1614,858,18598,18717,1
1614,1058,18598,19111,1
1614,1160,18598,19045,1
1614,1249,18598,13593,1
1614,1382,18598,14008,1
1614,1501,18598,18594,1
1614,1504,18598,17025,1
1614,1507,18598,14269,1
1614,1563,18598,10874,1
1614,1610,18598,14494,1
1614,1647,18598,14723,2
1614,1693,18598,16925,1
1615,1294,18569,19032,1
1616,641,14549,20496,1
1616,1346,14549,13891,1
1616,1474,14549,14943,1
1617,800,14559,12740,1
1618,5,14565,11072,2
1618,1391,14565,19337,1
1618,1507,14565,14269,1
1618,1581,14565,14392,1
1618,1659,14565,10903,1
1618,1681,14565,14687,1
1619,191,14561,11232,1
1619,800,14561,12740,1
1619,1277,14561,13642,1
1619,1288,14561,13639,1
1619,1301,14561,13698,1
1619,1593,14561,14456,1
1619,1625,14561,16131,1
1619,1655,14561,14649,1
1619,1661,14561,14653,1
1619,1693,14561,16925,1
1620,843,17128,19211,1
1620,1509,17128,14288,1
1620,1643,17128,16598,1
1620,1674,17128,14667,1
1621,138,17016,18995,2
1621,382,17016,19718,1
1621,843,17016,19211,1
1621,1263,17016,13606,1
1621,1329,17016,13782,1
1621,1344,17016,13896,1
1621,1357,17016,13867,1
1621,1384,17016,13970,1
1621,1440,17016,14143,1
1621,1487,17016,13955,1
1622,1042,18395,13189,1
1622,1194,18395,13470,1
1622,1439,18395,18000,1
1622,1449,18395,18005,1
1622,1580,18395,14459,1
1622,1640,18395,14633,1
1622,1646,18395,16339,2
1623,567,14556,19997,1
1623,788,14556,12810,1
1623,1423,14556,19431,1
1623,1533,14556,14312,1
1623,1605,14556,10763,1
1623,1699,14556,20424,1
1624,375,14600,20699,1
1624,993,14600,19252,1
1624,1205,14600,13480,1
1624,1263,14600,13606,1
1624,1326,14600,13762,1
1624,1415,14600,14094,1
1624,1452,14600,14181,1
1624,1453,14600,14181,1
1624,1508,14600,17025,1
1624,1540,14600,18588,2
1624,1547,14600,14365,1
1624,1565,14600,17020,1
1624,1647,14600,14723,3
1624,1683,14600,18590,1
1624,1687,14600,14669,1
1625,1106,16131,13362,1
1625,1632,16131,16606,1
1625,1681,16131,14687,1
1626,386,14564,16711,1
1626,1589,14564,14393,1
1627,1467,17843,14186,1
1628,1277,18090,13642,1
1628,1602,18090,14487,1
1630,1581,18585,14392,1
1630,1697,18585,20424,1
1631,1469,16606,14197,1
1631,1551,16606,18074,1
1632,1593,16606,14456,1
1633,1464,11453,14180,1
1635,800,16134,12740,2
1635,1042,16134,13189,2
1635,1596,16134,14475,1
1635,1619,16134,14561,1
1635,1651,16134,20641,1
1636,1458,16136,17101,1
1637,342,14955,11578,1
1637,996,14955,15492,1
1637,1474,14955,14943,1
1637,1577,14955,14346,1
1637,1588,14955,14454,1
1639,1493,14955,17558,1
1639,1691,14955,14735,1
1640,646,14633,18875,1
1640,725,14633,15499,1
1643,1557,16598,17910,1
1643,1674,16598,14667,1
1644,1633,20672,11453,1
1645,415,20642,20087,1
1645,1618,20642,14565,1
1645,1699,20642,20424,2
1646,113,16339,18976,1
1646,119,16339,15673,1
1646,128,16339,19007,1
1646,206,16339,18868,1
1646,382,16339,19718,1
1646,532,16339,12154,1
1646,595,16339,16242,1
1646,720,16339,20448,1
1646,856,16339,12796,1
1646,986,16339,17375,1
1646,1010,16339,16629,1
1646,1035,16339,13234,1
1646,1051,16339,15528,1
1646,1094,16339,19288,1
1646,1197,16339,17892,1
1646,1285,16339,13702,1
1646,1375,16339,15632,1
1646,1430,16339,14026,1
1646,1481,16339,16585,1
1646,1555,16339,14342,1
1646,1622,16339,18395,1
1646,1680,16339,14673,1
1646,1695,16339,16470,2
1646,1699,16339,20424,1
1647,168,14723,11218,1
1647,235,14723,11301,1
1647,709,14723,12601,1
1647,996,14723,15492,1
1647,1058,14723,19111,1
1647,1304,14723,13841,1
1647,1497,14723,14226,1
1647,1520,14723,15768,1
1647,1540,14723,18588,1
1647,1581,14723,14392,1
1647,1615,14723,18569,1
1647,1618,14723,14565,1
1647,1621,14723,17016,1
1647,1624,14723,14600,1
1647,1674,14723,14667,1
1647,1683,14723,18590,3
1647,1687,14723,14669,1
1648,1334,14723,13874,1
1648,1507,14723,14269,1
1648,1520,14723,15768,1
1648,1547,14723,14365,1
1648,1559,14723,10874,1
1648,1581,14723,14392,1
1648,1614,14723,18598,1
1652,164,14959,18999,2
1652,725,14959,15499,1
1652,1408,14959,14029,1
1652,1600,14959,14483,1
1652,1614,14959,18598,1
1655,785,14649,12716,2
1655,1474,14649,14943,1
1655,1521,14649,10890,1
1655,1600,14649,14483,1
1655,1619,14649,14561,1
1656,1604,14641,16142,1
1656,1622,14641,18395,1
1656,1670,14641,20648,1
1657,1069,20426,15498,1
1657,1197,20426,17892,1
1659,1304,10903,13841,1
1659,1620,10903,17128,1
1659,1688,10903,10959,1
1661,78,14653,15781,1
1661,1533,14653,14312,1
1661,1569,14653,18588,1
1661,1674,14653,14667,1
1664,1471,15251,14210,1
1664,1623,15251,14556,1
1664,1699,15251,20424,1
1667,1620,16607,17128,1
1667,1681,16607,14687,1
1668,1706,16914,16898,1
1669,1568,20426,10796,1
1669,1676,20426,14654,3
1670,1692,20648,15454,1
1670,1693,20648,16925,1
1672,1275,14663,13667,1
1673,262,20648,11378,1
1673,767,20648,16801,1
1673,1560,20648,14378,1
1673,1697,20648,20424,1
1673,1699,20648,20424,1
1674,1037,14667,13218,1
1674,1609,14667,14508,1
1674,1612,14667,18388,1
1674,1621,14667,17016,1
1674,1623,14667,14556,1
1674,1655,14667,14649,1
1674,1682,14667,14689,1
1674,1688,14667,10959,1
1677,1695,14651,16470,1
1678,1444,14612,17883,1
1679,415,15253,20087,1
1679,642,15253,12392,1
1679,1579,15253,14383,1
1679,1580,15253,14459,1
1679,1623,15253,14556,2
1679,1693,15253,16925,1
1679,1697,15253,20424,1
1679,1712,15253,17198,1
1680,1604,14673,16142,1
1680,1623,14673,14556,1
1680,1695,14673,16470,1
1681,1528,14687,17833,2
1681,1544,14687,20454,1
1681,1614,14687,18598,1
1681,1624,14687,14600,1
1681,1647,14687,14723,2
1681,1652,14687,14959,1
1682,1674,14689,14667,1
1683,1030,18590,13088,1
1683,1184,18590,13492,1
1683,1647,18590,14723,2
1683,1652,18590,14959,1
1683,1694,18590,20427,1
1684,353,16375,11572,1
1684,528,16375,19999,1
1684,575,16375,12155,1
1684,595,16375,16242,1
1684,636,16375,12312,1
1684,722,16375,12593,1
1684,1156,16375,13422,1
1684,1175,16375,13453,1
1684,1406,16375,14013,1
1684,1458,16375,17101,1
1684,1466,16375,14170,1
1684,1523,16375,14295,1
1684,1555,16375,14342,1
1684,1612,16375,18388,1
1684,1622,16375,18395,1
1684,1646,16375,16339,5
1684,1677,16375,14651,2
1684,1686,16375,16539,1
1685,206,16539,18868,1
1685,1122,16539,13379,1
1685,1695,16539,16470,1
1685,1711,16539,16382,1
1686,89,16539,16156,1
1686,1684,16539,16375,1
1686,1695,16539,16470,3
1687,744,14669,12553,1
1687,947,14669,15937,1
1687,1216,14669,19091,1
1687,1532,14669,14336,1
1687,1544,14669,20454,1
1687,1593,14669,14456,1
1687,1624,14669,14600,1
1687,1637,14669,14955,1
1688,452,10959,18309,1
1688,1544,10959,20454,1
1688,1670,10959,20648,1
1688,1692,10959,15454,1
1689,1694,10897,20427,1
1689,1697,10897,20424,1
1689,1698,10897,16898,1
1689,1699,10897,20424,1
1691,714,14735,19550,1
1691,1495,14735,14484,1
1691,1643,14735,16598,1
1691,1689,14735,10897,1
1692,342,15454,11578,1
1692,642,15454,12392,1
1692,1694,15454,20427,1
1693,124,16925,19002,1
1693,165,16925,18936,2
1693,638,16925,12382,1
1693,1351,16925,17973,1
1693,1359,16925,13882,1
1693,1384,16925,13970,2
1693,1474,16925,14943,1
1693,1478,16925,14234,1
1693,1492,16925,14205,1
1693,1506,16925,14255,1
1693,1579,16925,14383,1
1693,1589,16925,14393,1
1693,1596,16925,14475,1
1693,1622,16925,18395,1
1693,1623,16925,14556,2
1693,1651,16925,20641,1
1693,1670,16925,20648,2
1693,1673,16925,20648,2
1693,1679,16925,15253,2
1693,1697,16925,20424,5
1693,1699,16925,20424,2
1693,1701,16925,20424,1
1694,1398,20427,17444,1
1694,1689,20427,10897,1
1694,1709,20427,16898,1
1695,1677,16470,14651,1
1695,1684,16470,16375,1
1695,1686,16470,16539,2
1696,1066,14714,18644,1
1696,1540,14714,18588,1
1696,1693,14714,16925,2
1697,651,20424,20496,1
1697,1193,20424,18635,1
1697,1306,20424,13706,1
1697,1584,20424,14439,1
1697,1651,20424,20641,1
1697,1679,20424,15253,1
1697,1693,20424,16925,3
1697,1696,20424,14714,1
1698,1504,16898,17025,1
1698,1661,16898,14653,1
1698,1693,16898,16925,1
1698,1699,16898,20424,1
1698,1711,16898,16382,1
1699,55,20424,20725,2
1699,87,20424,18468,1
1699,102,20424,18104,1
1699,226,20424,20388,1
1699,257,20424,18143,3
1699,374,20424,16098,1
1699,383,20424,11702,1
1699,452,20424,18309,1
1699,464,20424,11881,1
1699,527,20424,12115,1
1699,759,20424,12691,1
1699,855,20424,12852,1
1699,890,20424,20441,1
1699,1035,20424,13234,1
1699,1051,20424,15528,1
1699,1148,20424,13411,1
1699,1220,20424,19588,1
1699,1291,20424,15539,1
1699,1305,20424,13740,1
1699,1320,20424,18018,1
1699,1384,20424,13970,1
1699,1385,20424,10921,1
1699,1439,20424,18000,1
1699,1448,20424,15102,1
1699,1560,20424,14378,1
1699,1623,20424,14556,2
1699,1645,20424,20642,2
1699,1670,20424,20648,1
1699,1679,20424,15253,2
1699,1693,20424,16925,6
1699,1696,20424,14714,1
1699,1698,20424,16898,2
1699,1709,20424,16898,1
1699,1711,20424,16382,1
1699,1712,20424,17198,1
1701,251,20424,20247,1
1701,814,20424,17630,1
1701,1019,20424,13175,1
1701,1625,20424,16131,1
1701,1693,20424,16925,1
1703,1295,16898,13592,1
1705,946,20423,13060,1
1705,1348,20423,13885,1
1705,1439,20423,18000,1
1705,1673,20423,20648,1
1705,1679,20423,15253,1
1705,1693,20423,16925,2
1705,1698,20423,16898,1
1706,124,16898,19002,1
1706,1148,16898,13411,1
1706,1622,16898,18395,1
1707,146,20423,17594,1
1707,493,20423,11999,1
1707,1521,20423,10890,1
1707,1623,20423,14556,1
1707,1693,20423,16925,2
1707,1711,20423,16382,2
1709,1474,16898,14943,1
1709,1689,16898,10897,1
1709,1692,16898,15454,1
1709,1701,16898,20424,1
1709,1711,16898,16382,1
1710,630,16379,12325,1
1710,1646,16379,16339,1
1711,124,16382,19002,1
1711,1661,16382,14653,1
1711,1697,16382,20424,1
1711,1709,16382,16898,2
1711,1712,16382,17198,1
1712,1679,17198,15253,1
1712,1696,17198,14714,2
1712,1697,17198,20424,1
1712,1699,17198,20424,1
1712,1701,17198,20424,1
1712,1711,17198,16382,2
