1,38,20404,18943,1
3,1037,16208,13218,1
4,1270,18805,13599,1
5,63,11072,11099,1
8,25,18789,18854,1
8,39,18789,18746,1
8,442,18789,20039,1
10,140,18737,18217,1
12,63,11082,11099,1
12,100,11082,11176,1
14,913,18826,12937,1
14,1416,18826,17519,1
16,26,18725,16399,1
16,40,18725,18740,1
16,43,18725,11091,1
16,69,18725,11137,1
16,105,18725,17765,1
16,125,18725,19005,1
16,159,18725,11222,1
16,378,18725,19696,1
17,25,18725,18854,1
17,54,18725,16849,1
17,76,18725,11105,1
17,84,18725,19612,1
17,97,18725,19605,1
17,187,18725,11230,1
17,261,18725,11376,1
17,292,18725,11412,1
17,1037,18725,13218,1
18,372,16841,11643,1
19,1547,18729,14365,1
20,1,11056,20404,1
20,71,11056,18434,1
21,6,18729,18825,1
21,81,18729,19007,1
21,89,18729,16156,1
24,62,16193,20575,1
24,101,16193,18958,1
24,350,16193,15430,1
25,8,18854,18789,1
25,45,18854,18859,1
25,137,18854,16852,2
25,416,18854,11810,2
26,4,16399,18805,1
27,22,16840,18755,1
29,81,16838,19007,1
30,3,18697,16208,1
31,86,18721,20701,1
31,108,18721,19613,1
31,554,18721,19765,1
33,104,18859,20730,1
33,126,18859,19631,1
36,129,18855,11190,1
36,140,18855,18217,1
36,216,18855,20281,1
38,41,18943,18854,1
38,49,18943,18984,1
38,104,18943,20730,1
39,16,18746,18725,1
39,719,18746,12538,1
40,17,18740,18725,1
41,46,18854,16398,1
41,73,18854,18940,1
41,105,18854,17765,1
41,137,18854,16852,1
41,140,18854,18217,1
41,206,18854,18868,1
41,344,18854,15426,1
42,101,18961,18958,1
43,185,11091,19609,1
44,119,18858,15673,1
44,165,18858,18936,1
46,209,16398,18284,1
49,83,18984,11121,1
49,138,18984,18995,1
49,142,18984,18974,1
49,157,18984,18992,1
49,202,18984,11298,1
50,71,11111,18434,1
50,89,11111,16156,1
53,100,15690,11176,1
53,265,15690,19662,1
53,316,15690,16725,1
54,87,16849,18468,1
55,6,20725,18825,1
55,67,20725,16847,1
55,105,20725,17765,1
55,237,20725,20457,1
56,109,18862,11152,1
57,27,18944,16840,1
57,88,18944,18947,1
57,165,18944,18936,1
59,37,16783,18728,1
60,165,18942,18936,1
61,194,11333,18178,1
61,211,11333,18866,1
61,528,11333,19999,1
62,24,20575,16193,2
62,274,20575,20389,1
63,21,11099,18729,1
63,111,11099,11156,2
63,132,11099,11188,2
63,156,11099,11216,1
63,205,11099,11305,1
63,206,11099,18868,1
63,237,11099,20457,1
63,315,11099,20377,2
63,380,11099,20119,1
63,441,11099,11794,1
63,1624,11099,14600,1
66,36,16849,18855,1
66,57,16849,18944,1
68,166,11136,19639,2
70,19,18860,18729,1
70,201,18860,11322,1
70,306,18860,11459,1
70,386,18860,16711,1
71,1,18434,20404,1
71,20,18434,11056,1
71,72,18434,20574,1
71,101,18434,18958,1
71,140,18434,18217,1
71,175,18434,18930,2
71,180,18434,16448,1
71,230,18434,18892,1
71,822,18434,12849,1
72,1530,20574,14329,1
73,1,18940,20404,1
73,12,18940,11082,1
73,41,18940,18854,1
73,206,18940,18868,1
73,211,18940,18866,1
73,235,18940,11301,1
73,249,18940,20360,1
73,260,18940,11302,1
73,267,18940,11372,1
73,269,18940,11395,1
74,90,18989,19615,1
74,93,18989,18975,1
74,191,18989,11232,1
76,17,11105,18725,1
76,33,11105,18859,1
76,39,11105,18746,1
76,68,11105,11136,1
76,111,11105,11156,1
76,155,11105,19625,1
76,215,11105,11309,1
76,280,11105,11397,1
76,458,11105,20736,1
76,913,11105,12937,1
78,81,15781,19007,1
78,123,15781,18991,1
78,190,15781,11286,1
78,193,15781,11255,1
79,257,18110,18143,1
79,535,18110,19768,1
81,14,19007,18826,1
81,16,19007,18725,1
81,17,19007,18725,1
81,73,19007,18940,1
81,76,19007,11105,1
81,78,19007,15781,1
81,184,19007,18996,1
81,191,19007,11232,1
81,194,19007,18178,1
81,211,19007,18866,1
81,235,19007,11301,1
81,239,19007,19012,2
81,253,19007,11374,1
81,262,19007,11378,1
81,268,19007,11377,1
81,270,19007,11372,1
81,291,19007,19592,1
81,306,19007,11459,1
81,311,19007,19640,1
81,314,19007,11442,2
81,462,19007,19754,1
81,604,19007,15415,1
81,1042,19007,13189,1
82,44,11121,18858,1
83,326,11121,11449,2
83,816,11121,12778,2
84,17,19612,18725,1
84,119,19612,15673,1
84,652,19612,12403,1
84,785,19612,12716,1
84,913,19612,12937,1
85,39,20701,18746,1
87,79,18468,18110,2
87,89,18468,16156,1
87,135,18468,19636,1
87,206,18468,18868,2
87,213,18468,18268,1
87,787,18468,19457,1
88,226,18947,20388,1
88,468,18947,12034,1
89,3,16156,16208,1
89,127,16156,18915,1
89,243,16156,11347,1
89,245,16156,18892,1
91,71,18921,18434,1
91,206,18921,18868,1
91,270,18921,11372,1
91,380,18921,20119,1
96,44,15676,18858,1
97,169,19605,11250,1
97,219,19605,11308,1
97,353,19605,11572,1
97,1547,19605,14365,1
98,26,15676,16399,1
98,236,15676,11339,1
98,377,15676,11643,1
98,908,15676,12966,1
101,71,18958,18434,1
101,87,18958,18468,1
101,180,18958,16448,1
101,206,18958,18868,1
101,210,18958,16152,1
101,273,18958,18897,1
102,285,18104,11445,2
102,1218,18104,13524,1
102,1360,18104,13916,1
102,1410,18104,19339,1
103,81,19605,19007,1
103,110,19605,19002,1
103,168,19605,11218,1
104,40,20730,18740,1
104,156,20730,11216,1
104,225,20730,17826,1
105,32,17765,11091,1
105,61,17765,11333,1
105,71,17765,18434,1
105,504,17765,15135,1
107,196,19604,11341,1
107,227,19604,11303,1
107,279,19604,16741,2
107,280,19604,11397,1
107,590,19604,12311,2
108,31,19613,18721,1
108,81,19613,19007,1
109,40,11152,18740,1
109,103,11152,19605,1
109,171,11152,19004,1
109,351,11152,17684,1
110,49,19002,18984,1
110,123,19002,18991,1
110,142,19002,18974,1
110,1679,19002,15253,1
111,63,11156,11099,1
111,110,11156,19002,2
111,154,11156,18931,1
111,253,11156,11374,1
111,913,11156,12937,1
115,883,19616,12954,1
116,248,15127,19651,1
118,29,15673,16838,1
118,211,15673,18866,1
119,5,15673,11072,1
119,60,15673,18942,1
119,245,15673,18892,1
119,290,15673,11423,1
123,110,18991,19002,1
123,128,18991,19007,1
123,196,18991,11341,1
123,351,18991,17684,1
123,731,18991,19951,1
124,446,19002,20077,1
124,741,19002,12642,1
124,1464,19002,14180,1
124,1580,19002,14459,1
124,1604,19002,16142,1
124,1622,19002,18395,1
124,1699,19002,20424,1
125,37,19005,18728,1
126,28,19631,18836,1
127,8,18915,18789,1
127,20,18915,11056,1
127,25,18915,18854,1
127,226,18915,20388,1
127,1171,18915,19036,1
128,78,19007,15781,1
128,84,19007,19612,1
128,138,19007,18995,1
128,191,19007,11232,1
128,192,19007,15733,1
128,239,19007,19012,2
128,261,19007,11376,2
128,452,19007,18309,1
128,636,19007,12312,1
128,672,19007,19991,1
128,725,19007,15499,1
131,166,11173,19639,2
131,191,11173,11232,1
132,36,11188,18855,1
132,140,11188,18217,1
132,165,11188,18936,2
132,175,11188,18930,1
132,206,11188,18868,1
132,1695,11188,16470,1
133,238,19001,11342,1
134,206,19602,18868,1
135,196,19636,11341,1
137,652,16852,12403,2
138,250,18995,20302,2
138,316,18995,16725,2
138,1513,18995,16586,2
138,1616,18995,14549,2
139,1590,19603,17866,1
140,63,18217,11099,1
140,264,18217,16737,1
140,359,18217,11568,1
140,1294,18217,19032,1
141,53,19637,15690,1
141,501,19637,15403,1
142,193,18974,11255,1
142,369,18974,19020,1
142,701,18974,12488,1
142,725,18974,15499,1
143,145,18994,11243,1
144,193,15792,11255,1
144,318,15792,20214,1
144,630,15792,12325,1
145,49,11243,18984,1
145,78,11243,15781,1
145,97,11243,19605,1
145,143,11243,18994,1
145,144,11243,15792,1
145,219,11243,11308,1
145,272,11243,15772,1
145,1282,11243,18612,2
146,89,17594,16156,1
146,101,17594,18958,1
147,881,11332,12895,1
148,40,18918,18740,1
148,226,18918,20388,1
149,267,19603,11372,1
150,84,19620,19612,1
153,748,19675,12681,1
153,1707,19675,20423,2
155,1366,19625,13909,1
156,18,11216,16841,1
156,185,11216,19609,1
156,188,11216,11267,1
156,202,11216,11298,1
156,291,11216,19592,1
156,316,11216,16725,1
156,575,11216,12155,1
156,673,11216,12507,1
157,110,18992,19002,1
157,133,18992,19001,1
157,314,18992,11442,1
158,128,11210,19007,1
158,187,11210,11230,1
160,77,15450,18104,1
160,109,15450,11152,1
163,1677,19000,14651,2
165,315,18936,20377,1
166,637,19639,15134,1
167,189,18898,18896,1
168,63,11218,11099,1
168,78,11218,15781,1
168,219,11218,11308,1
168,375,11218,20699,1
168,473,11218,16976,1
169,63,11250,11099,1
169,199,11250,19008,1
169,247,11250,11340,1
170,26,19595,16399,1
170,79,19595,18110,1
170,702,19595,12542,1
171,97,19004,19605,1
171,142,19004,18974,1
171,351,19004,17684,1
171,356,19004,11572,1
171,441,19004,11794,1
171,725,19004,15499,1
172,100,18926,11176,1
175,71,18930,18434,1
175,230,18930,18892,1
175,270,18930,11372,2
175,368,18930,11620,1
176,109,18978,11152,1
176,1686,18978,16539,1
178,1208,19634,16816,1
179,1441,19610,14103,1
180,71,16448,18434,1
180,73,16448,18940,1
180,87,16448,18468,1
181,77,11312,18104,1
181,409,11312,17542,1
181,1176,11312,13462,1
183,276,11273,19656,1
183,312,11273,17784,1
183,913,11273,12937,1
183,1699,11273,20424,1
184,191,18996,11232,1
184,193,18996,11255,1
185,28,19609,18836,1
186,43,15788,11091,1
186,290,15788,11423,1
186,598,15788,20131,1
186,1423,15788,19431,1
187,17,11230,18725,1
187,70,11230,18860,1
187,76,11230,11105,1
187,109,11230,11152,1
187,158,11230,11210,1
187,268,11230,11377,1
187,269,11230,11395,1
187,272,11230,15772,1
187,673,11230,12507,1
188,493,11267,11999,1
188,880,11267,19861,1
189,167,18896,18898,1
191,49,11232,18984,1
191,76,11232,11105,1
191,322,11232,15016,1
191,441,11232,11794,1
192,191,15733,11232,1
192,239,15733,19012,1
192,351,15733,17684,1
192,439,15733,19025,1
192,577,15733,12155,1
192,811,15733,19206,1
193,59,11255,16783,1
193,192,11255,15733,1
193,291,11255,19592,1
193,1703,11255,16898,1
194,71,18178,18434,1
194,189,18178,18896,1
194,306,18178,11459,1
196,532,11341,12154,1
196,996,11341,15492,1
197,330,11289,11502,1
198,250,19596,20302,2
199,109,19008,11152,1
199,182,19008,11290,1
199,769,19008,12691,1
201,206,11322,18868,1
201,382,11322,19718,1
202,57,11298,18944,1
202,157,11298,18992,1
202,186,11298,15788,1
202,220,11298,19594,1
202,223,11298,17819,1
202,224,11298,11317,1
202,275,11298,20389,1
202,383,11298,11702,1
205,389,11305,20342,1
206,202,18868,11298,1
206,326,18868,11449,1
206,446,18868,20077,1
206,506,18868,20020,2
206,837,18868,19236,1
206,1035,18868,13234,1
206,1233,18868,13534,1
209,97,18284,19605,1
209,267,18284,11372,1
210,101,16152,18958,1
210,493,16152,11999,1
210,1504,16152,17025,1
211,17,18866,18725,1
211,57,18866,18944,1
211,61,18866,11333,1
211,105,18866,17765,1
211,127,18866,18915,1
211,287,18866,11376,1
211,336,18866,11498,1
211,604,18866,15415,1
211,970,18866,12258,1
212,351,18979,17684,1
212,369,18979,19020,1
212,1400,18979,13972,1
213,71,18268,18434,1
213,202,18268,11298,1
214,165,11317,18936,1
216,55,20281,20725,1
216,109,20281,11152,1
216,165,20281,18936,1
216,245,20281,18892,1
216,284,20281,19703,1
216,354,20281,11581,1
218,62,18274,20575,1
219,193,11308,11255,1
219,351,11308,17684,1
219,514,11308,12059,1
220,239,19594,19012,1
220,242,19594,19635,1
220,759,19594,12691,1
222,63,18078,11099,1
222,184,18078,18996,1
222,733,18078,19887,2
223,39,17819,18746,1
223,1175,17819,13453,2
224,97,11317,19605,1
225,25,17826,18854,1
225,84,17826,19612,1
225,86,17826,20701,1
225,192,17826,15733,1
225,206,17826,18868,1
225,226,17826,20388,1
225,424,17826,20313,1
225,451,17826,16978,1
225,598,17826,20131,1
225,630,17826,12325,1
225,733,17826,19887,2
226,816,20388,12778,1
227,110,11303,19002,1
228,206,16745,18868,1
229,132,18277,11188,1
229,306,18277,11459,1
229,769,18277,12691,1
230,306,18892,11459,1
232,17,20456,18725,1
232,485,20456,20024,2
235,37,11301,18728,1
235,63,11301,11099,1
235,76,11301,11105,1
235,108,11301,19613,1
235,119,11301,15673,1
235,186,11301,15788,1
235,369,11301,19020,1
236,98,11339,15676,1
236,650,11339,15743,1
238,138,11342,18995,2
238,222,11342,18078,1
238,301,11342,16724,1
238,485,11342,20024,2
239,153,19012,19675,2
239,169,19012,11250,1
239,316,19012,16725,2
239,322,19012,15016,1
241,229,18322,18277,1
241,333,18322,11467,1
241,383,18322,11702,1
242,199,19635,19008,1
242,290,19635,11423,1
243,81,11347,19007,1
243,349,11347,11557,2
244,229,20295,18277,1
245,28,18892,18836,1
245,101,18892,18958,1
245,329,18892,11513,1
246,132,11327,11188,1
246,270,11327,11372,1
248,235,19651,11301,1
248,632,19651,12432,1
248,1375,19651,15632,2
249,73,20360,18940,1
249,209,20360,18284,1
249,415,20360,20087,1
249,1013,20360,19066,1
249,1143,20360,19409,1
249,1527,20360,14314,1
250,206,20302,18868,1
250,485,20302,20024,2
250,652,20302,12403,1
250,1421,20302,14130,2
252,118,18339,15673,1
254,206,11375,18868,1
254,223,11375,17819,1
254,566,11375,16755,1
256,90,17824,19615,1
257,180,18143,16448,1
257,318,18143,20214,1
258,855,19650,12852,1
259,662,19652,12470,1
260,444,11302,19835,1
261,223,11376,17819,1
263,168,19009,11218,1
263,169,19009,11250,1
264,118,16737,15673,1
264,206,16737,18868,1
264,282,16737,20361,1
264,348,16737,11582,1
266,185,19654,19609,1
267,88,11372,18947,1
267,279,11372,16741,1
267,326,11372,11449,1
267,482,11372,11941,1
267,755,11372,19455,1
267,970,11372,12258,1
268,107,11377,19604,2
268,253,11377,11374,1
269,229,11395,18277,2
269,354,11395,11581,1
269,482,11395,11941,1
269,1143,11395,19409,5
269,1503,11395,10840,2
270,53,11372,15690,1
270,76,11372,11105,1
270,85,11372,20701,1
270,140,11372,18217,1
270,264,11372,16737,1
270,310,11372,11472,1
270,346,11372,20345,1
270,398,11372,11725,1
270,441,11372,11794,1
270,1192,11372,19141,1
270,1338,11372,13784,1
270,1589,11372,14393,1
271,61,19589,11333,1
272,131,15772,11173,1
272,145,15772,11243,1
272,369,15772,19020,1
272,412,15772,11794,1
272,441,15772,11794,1
272,1416,15772,17519,1
274,172,20389,18926,1
274,1405,20389,13945,1
275,132,20389,11188,1
275,411,20389,11782,1
277,513,20460,18879,1
279,206,16741,18868,1
279,386,16741,16711,1
279,485,16741,20024,2
279,1625,16741,16131,2
280,206,11397,18868,4
280,236,11397,11339,1
280,268,11397,11377,1
280,372,11397,11643,1
281,504,11386,15135,1
281,544,11386,19933,1
281,1143,11386,19409,4
281,1174,11386,17476,1
282,31,20361,18721,1
282,154,20361,18931,1
282,155,20361,19625,1
282,392,20361,11711,1
283,134,19647,19602,1
283,337,19647,17951,1
284,206,19703,18868,1
284,230,19703,18892,1
284,352,19703,11564,1
284,464,19703,11881,1
284,565,19703,19987,1
284,998,19703,13160,1
284,1547,19703,14365,1
285,189,11445,18896,3
285,230,11445,18892,1
285,350,11445,15430,1
285,451,11445,16978,1
285,539,11445,12132,1
285,1699,11445,20424,1
287,214,11376,11317,1
287,406,11376,19026,1
287,490,11376,11999,1
287,636,11376,12312,1
289,1305,19648,13740,1
290,44,11423,18858,1
290,128,11423,19007,1
290,141,11423,19637,1
290,143,11423,18994,1
290,169,11423,11250,1
290,322,11423,15016,1
290,1707,11423,20423,2
292,371,11412,11627,1
292,522,11412,11802,1
293,73,11512,18940,1
293,292,11512,11412,1
295,389,11512,20342,1
296,949,19688,19444,1
297,733,11414,19887,2
298,1143,11426,19409,4
299,206,20617,18868,1
299,270,20617,11372,1
299,400,20617,11735,1
299,507,20617,12052,1
299,1701,20617,20424,1
300,187,20364,11230,1
301,39,16724,18746,1
301,206,16724,18868,1
302,249,19659,20360,1
303,119,20364,15673,1
303,230,20364,18892,1
303,268,20364,11377,2
303,383,20364,11702,1
303,569,20364,19929,1
306,127,11459,18915,1
306,189,11459,18896,1
306,970,11459,12258,1
309,53,15329,15690,1
312,224,17784,11317,1
312,270,17784,11372,1
312,445,17784,19833,1
312,595,17784,16242,1
313,249,11490,20360,1
313,351,11490,17684,1
314,351,11442,17684,1
314,432,11442,16786,1
314,996,11442,15492,1
315,175,20377,18930,1
315,424,20377,20313,1
315,465,20377,19753,1
315,1568,20377,10796,2
316,57,16725,18944,1
316,206,16725,18868,1
316,530,16725,12149,1
316,733,16725,19887,2
317,141,19701,19637,1
318,109,20214,11152,1
318,605,20214,16647,1
318,856,20214,12796,1
320,153,20232,19675,1
320,211,20232,18866,1
320,956,20232,17380,2
321,109,19698,11152,1
321,881,19698,12895,1
322,239,15016,19012,1
323,322,11472,15016,1
323,342,11472,11578,1
323,361,11472,19712,1
323,562,11472,12239,1
324,24,11494,16193,1
325,452,19014,18309,1
326,1699,11449,20424,2
328,223,19643,17819,1
328,378,19643,19696,1
328,1289,19643,15447,2
329,43,11513,11091,1
330,159,11502,11222,1
332,101,11513,18958,1
333,171,11467,19004,1
333,451,11467,16978,1
333,1701,11467,20424,1
335,259,11501,19652,1
337,168,17951,11218,1
337,504,17951,15135,1
338,206,11536,18868,1
338,630,11536,12325,1
338,1017,11536,13167,1
340,202,20345,11298,1
340,910,20345,19473,1
342,155,11578,19625,1
342,1354,11578,13774,1
344,251,15426,20247,1
344,302,15426,19659,1
344,455,15426,19801,1
344,473,15426,16976,1
345,1372,15426,14010,1
348,238,11582,11342,2
348,373,11582,11667,1
348,1503,11582,10840,2
350,373,15430,11667,1
350,409,15430,17542,1
350,451,15430,16978,1
351,97,17684,19605,1
351,142,17684,18974,2
351,176,17684,18978,1
351,191,17684,11232,1
351,192,17684,15733,1
351,235,17684,11301,2
351,272,17684,15772,2
351,291,17684,19592,1
351,441,17684,11794,1
351,602,17684,16973,1
351,1019,17684,13175,1
351,1070,17684,15498,1
351,1156,17684,13422,1
351,1231,17684,11779,1
351,1385,17684,10921,1
352,673,11564,12507,1
352,849,11564,12923,1
353,127,11572,18915,1
353,637,11572,15134,1
354,61,11581,11333,1
354,202,11581,11298,1
354,206,11581,18868,1
354,225,11581,17826,1
354,243,11581,11347,1
354,1564,11581,16593,1
355,267,11552,11372,1
355,363,11552,20350,1
359,213,11568,18268,1
359,308,11568,18902,1
360,256,11623,17824,1
360,352,11623,11564,1
361,280,19712,11397,1
362,301,20350,16724,1
363,468,20350,12034,1
364,118,16712,15673,1
365,626,20204,12374,1
366,452,19029,18309,1
367,254,19690,11375,1
367,299,19690,20617,1
369,325,19020,19014,1
369,522,19020,11802,1
371,1505,11627,20533,1
372,473,11643,16976,1
372,1465,11643,18597,1
372,1579,11643,14383,1
373,285,11667,11445,1
373,539,11667,12132,1
373,734,11667,12635,1
373,946,11667,13060,1
374,323,16098,11472,1
375,325,20699,19014,1
377,91,11643,18921,1
377,226,11643,20388,1
379,191,19835,11232,1
380,225,20119,17826,1
380,275,20119,20389,1
381,83,11657,11121,1
382,201,19718,11322,1
382,429,19718,19835,1
382,464,19718,11881,1
383,352,11702,11564,1
383,386,11702,16711,1
383,393,11702,11697,1
383,673,11702,12507,1
383,729,11702,12747,1
383,863,11702,19268,1
383,1483,11702,17909,1
383,1486,11702,10884,1
383,1521,11702,10890,1
384,206,11714,18868,1
386,165,16711,18936,1
386,730,16711,12622,1
386,1707,16711,20423,1
389,287,20342,11376,1
390,243,11730,11347,1
391,226,20347,20388,1
391,405,20347,20057,1
392,295,11711,11512,1
392,318,11711,20214,2
393,270,11697,11372,1
395,196,19022,11341,1
395,469,19022,11875,1
395,695,19022,19837,1
398,739,11725,12522,1
398,995,11725,19281,1
398,1684,11725,16375,1
400,156,11735,11216,1
400,381,11735,11657,1
403,1401,16702,14018,1
403,1449,16702,18005,1
404,343,11756,11541,1
406,366,19026,19029,1
406,1070,19026,15498,1
406,1600,19026,14483,1
407,391,11768,20347,1
407,704,11768,17278,1
407,1449,11768,18005,1
409,181,17542,11312,1
409,348,17542,11582,1
409,350,17542,15430,1
409,352,17542,11564,1
409,373,17542,11667,1
409,460,17542,16684,1
409,485,17542,20024,1
409,503,17542,20420,1
410,328,19835,19643,1
411,282,11782,20361,1
411,350,11782,15430,1
411,595,11782,16242,1
411,1647,11782,14723,1
415,187,20087,11230,1
415,451,20087,16978,1
416,733,11810,19887,2
416,1532,11810,14336,2
416,1629,11810,16599,2
417,429,11773,19835,1
419,340,16700,20345,1
421,318,16787,20214,1
424,315,20313,20377,1
424,352,20313,11564,1
425,634,20120,16639,1
425,1185,20120,17418,1
426,335,11805,11501,1
426,565,11805,19987,1
426,743,11805,12647,1
427,109,16693,11152,1
427,206,16693,18868,1
427,1236,16693,15606,1
429,417,19835,11773,1
429,434,19835,16787,1
432,196,16786,11341,1
439,192,19025,15733,1
439,199,19025,19008,1
439,239,19025,19012,1
439,272,19025,15772,2
439,972,19025,15832,1
439,1426,19025,15837,1
440,206,19028,18868,1
440,272,19028,15772,3
440,441,19028,11794,1
441,164,11794,18999,1
441,191,11794,11232,1
441,192,11794,15733,1
441,351,11794,17684,1
441,440,11794,19028,2
441,575,11794,12155,1
441,741,11794,12642,1
441,978,11794,13103,1
442,567,20039,19997,1
445,504,19833,15135,1
447,53,16683,15690,1
451,77,16978,18104,1
451,181,16978,11312,1
451,350,16978,15430,1
451,409,16978,17542,1
451,602,16978,16973,1
451,838,16978,12868,1
451,1192,16978,19141,1
451,1563,16978,10874,1
452,59,18309,16783,1
452,131,18309,11173,1
452,168,18309,11218,1
452,170,18309,19595,1
452,239,18309,19012,1
452,794,18309,19955,1
452,1166,18309,19582,1
452,1289,18309,15447,1
452,1439,18309,18000,1
452,1511,18309,15550,1
452,1599,18309,10939,1
453,360,20098,11623,1
455,440,19801,19028,1
458,780,20736,19203,1
459,6,20079,18825,2
459,206,20079,18868,1
459,264,20079,16737,1
459,340,20079,20345,1
459,1528,20079,17833,2
460,206,16684,18868,1
461,1421,12101,14130,2
463,883,12500,12954,1
464,187,11881,11230,1
464,201,11881,11322,1
464,671,11881,16442,1
465,216,19753,20281,1
465,225,19753,17826,1
465,604,19753,15415,1
465,693,19753,12554,1
465,1712,19753,17198,1
468,1007,12034,13153,1
469,432,11875,16786,1
469,994,11875,19252,1
470,280,20066,11397,1
473,206,16976,18868,1
473,409,16976,17542,1
482,464,11941,11881,1
482,546,11941,19785,1
482,1195,11941,17485,1
482,1695,11941,16470,1
485,18,20024,16841,2
485,54,20024,16849,2
485,119,20024,15673,2
485,243,20024,11347,2
485,248,20024,19651,2
485,250,20024,20302,2
485,268,20024,11377,2
485,1143,20024,19409,2
485,1697,20024,20424,2
490,20,11999,11056,1
490,300,11999,20364,1
490,356,11999,11572,1
490,600,11999,12354,1
491,367,12014,19690,1
491,1528,12014,17833,2
493,970,11999,12258,1
493,1361,11999,13882,1
494,267,18880,11372,1
500,803,20105,16409,1
501,323,15403,11472,1
501,1505,15403,20533,1
503,344,20420,15426,1
503,468,20420,12034,1
504,370,15135,19713,1
504,395,15135,19022,1
504,769,15135,12691,1
504,1229,15135,16830,1
504,1646,15135,16339,1
505,249,19019,20360,1
506,956,20020,17380,2
506,1600,20020,14483,2
506,1612,20020,18388,2
506,1624,20020,14600,4
507,970,12052,12258,1
508,1444,19789,17883,1
510,639,20145,12444,1
510,1461,20145,17996,1
513,355,18879,11552,1
516,70,15417,18860,1
518,543,12030,12155,1
519,395,19840,19022,1
519,737,19840,12620,1
520,1076,16017,13287,1
522,725,11802,15499,1
522,986,11802,17375,1
522,1156,11802,13422,1
525,407,12139,11768,1
525,748,12139,12681,1
526,367,18086,19690,1
528,206,19999,18868,1
528,225,19999,17826,1
528,274,19999,20389,1
528,338,19999,11536,1
528,1205,19999,13480,1
529,1555,16785,14342,1
530,299,12149,20617,2
530,390,12149,11730,1
532,169,12154,11250,1
534,181,20133,11312,1
534,1082,20133,15714,1
534,1326,20133,13762,1
536,733,19517,19887,2
538,599,16953,12308,2
538,1269,16953,13629,1
539,206,12132,18868,2
539,433,12132,20166,1
539,1404,12132,14033,1
540,58,12263,18699,1
540,101,12263,18958,1
543,662,12155,12470,1
543,759,12155,12691,1
546,842,19785,12813,1
546,1227,19785,19145,1
554,361,19765,19712,1
554,1469,19765,14197,1
555,671,20473,16442,1
556,110,16788,19002,1
557,750,16788,19542,2
557,1238,16788,13560,2
562,324,12239,11494,1
562,333,12239,11467,1
562,491,12239,12014,1
562,652,12239,12403,1
563,1133,19904,13356,1
564,1393,19511,13884,1
565,206,19987,18868,1
565,211,19987,18866,1
565,225,19987,17826,1
565,426,19987,11805,1
565,1155,19987,17414,1
566,1019,16755,13175,1
569,519,19929,19840,1
573,411,20036,11782,1
575,193,12155,11255,1
575,666,12155,12491,1
575,1381,12155,13960,1
577,1206,12155,18036,1
580,473,18878,16976,1
580,588,18878,19900,1
581,743,12276,12647,1
581,819,12276,15196,1
581,1042,12276,13189,1
584,21,12304,18729,1
590,243,12311,11347,2
590,298,12311,11426,2
590,427,12311,16693,1
590,1679,12311,15253,1
594,186,12321,15788,1
595,372,16242,11643,1
595,389,16242,20342,1
595,1207,16242,13480,1
596,1084,19990,19071,1
596,1144,19990,19581,2
597,452,12295,18309,1
597,1082,12295,15714,1
599,538,12308,16953,4
599,602,12308,16973,1
599,628,12308,12600,4
599,680,12308,18715,1
600,916,12354,12971,1
600,970,12354,12258,1
602,473,16973,16976,1
602,599,16973,12308,1
604,1299,15415,13682,1
605,1258,16647,13607,1
607,599,18715,12308,1
608,599,18715,12308,1
615,1521,12363,10890,1
616,681,16649,19898,1
616,1000,16649,13129,1
617,719,19546,12538,1
622,1346,19903,13891,1
625,562,12369,12239,1
627,324,19914,11494,1
628,494,12600,18880,1
628,599,12600,12308,2
628,970,12600,12258,1
628,1192,12600,19141,1
628,1233,12600,13534,1
630,186,12325,15788,1
630,429,12325,19835,1
630,908,12325,12966,1
630,1357,12325,13867,1
632,169,12432,11250,1
634,730,16639,12622,1
636,271,12312,19589,1
636,272,12312,15772,1
636,575,12312,12155,1
636,820,12312,12158,1
638,709,12382,12601,1
639,355,12444,11552,1
639,510,12444,20145,1
639,1208,12444,16816,1
639,1305,12444,13740,1
639,1679,12444,15253,1
650,1398,15743,17444,1
651,372,20496,11643,1
651,615,20496,12363,1
651,1426,20496,15837,1
651,1593,20496,14456,1
652,198,12403,19596,1
654,675,15472,12492,1
656,519,15471,19840,1
656,522,15471,11802,1
658,144,12432,15792,1
659,522,17704,11802,1
660,421,17704,16787,1
660,439,17704,19025,1
662,235,12470,11301,1
662,442,12470,20039,1
662,504,12470,15135,1
662,1623,12470,14556,1
666,265,12491,19662,1
666,1042,12491,13189,1
666,1405,12491,13945,1
666,1465,12491,18597,1
666,1699,12491,20424,2
670,362,12505,20350,1
670,580,12505,18878,1
670,1063,12505,13258,1
673,77,12507,18104,1
673,158,12507,11210,1
673,206,12507,18868,1
673,383,12507,11702,2
673,889,12507,17318,1
673,1081,12507,15714,1
673,1348,12507,13885,1
675,1194,12492,13470,1
676,1593,12747,14456,1
679,1147,17636,15762,1
680,599,18715,12308,1
680,1107,18715,19096,1
681,1553,19898,14398,1
682,1171,18715,19036,2
682,1198,18715,13525,1
682,1206,18715,18036,1
682,1255,18715,13629,1
683,536,12426,19517,1
683,662,12426,12470,1
687,206,12424,18868,1
688,1674,12547,14667,1
690,526,12624,18086,1
696,901,16983,12982,1
696,984,16983,19224,1
696,1011,16983,19113,1
698,25,12546,18854,2
698,83,12546,11121,2
698,213,12546,18268,1
698,281,12546,11386,2
700,862,12568,19268,1
701,777,12488,17901,1
701,945,12488,15758,1
701,1448,12488,15102,1
701,1646,12488,16339,1
702,719,12542,12538,1
703,835,12610,19889,1
704,206,17278,18868,1
704,833,17278,19192,1
709,540,12601,12263,1
709,913,12601,12937,1
709,1107,12601,19096,1
714,1423,19550,19431,1
715,426,12617,11805,1
718,555,16132,20473,1
718,1699,16132,20424,1
719,550,12538,12210,1
719,856,12538,12796,1
720,934,20448,19451,1
725,97,15499,19605,1
725,142,15499,18974,1
725,366,15499,19029,1
725,395,15499,19022,1
725,656,15499,15471,1
725,974,15499,13063,1
725,1064,15499,14908,1
726,755,12626,19455,1
726,1488,12626,17466,1
728,883,19951,12954,1
729,965,12747,13092,1
730,98,12622,15676,1
730,206,12622,18868,1
730,354,12622,11581,2
730,451,12622,16978,1
730,565,12622,19987,1
733,25,19887,18854,2
733,153,19887,19675,2
733,175,19887,18930,2
733,506,19887,20020,2
733,530,19887,12149,2
733,1143,19887,19409,2
733,1289,19887,15447,2
734,206,12635,18868,1
734,745,12635,17294,1
734,846,12635,17927,1
734,1592,12635,18574,1
739,371,12522,11627,1
741,1096,12642,19587,1
741,1578,12642,14449,2
744,742,12553,12663,1
744,1072,12553,13338,1
744,1211,12553,13403,1
744,1346,12553,13891,1
744,1706,12553,16898,1
750,536,19542,19517,1
750,557,19542,16788,1
755,225,19455,17826,1
755,657,19455,19879,1
756,320,19455,20232,1
759,544,12691,19933,1
759,733,12691,19887,4
760,416,16660,11810,1
764,1492,16441,14205,1
766,118,17805,15673,1
766,671,17805,16442,1
766,843,17805,19211,1
766,1360,17805,13916,1
766,1417,17805,14052,1
767,1452,16801,14181,1
769,881,12691,12895,1
774,988,19233,13128,1
777,787,17901,19457,1
777,1521,17901,10890,1
778,639,12831,12444,1
778,1011,12831,19113,1
785,131,12716,11173,2
785,485,12716,20024,2
785,636,12716,12312,1
788,595,12810,16242,1
788,854,12810,17309,1
788,1509,12810,14288,1
794,66,19955,16849,1
794,308,19955,18902,1
794,482,19955,11941,1
794,1085,19955,19120,1
797,1455,12741,14150,1
798,845,15496,12813,1
800,1617,12740,14559,1
800,1620,12740,17128,1
800,1629,12740,16599,1
803,345,16409,15426,1
803,599,16409,12308,1
803,602,16409,16973,2
803,608,16409,18715,1
804,216,19533,20281,1
804,306,19533,11459,1
804,351,19533,17684,1
804,411,19533,11782,1
804,1000,19533,13129,1
804,1299,19533,13682,1
809,726,12858,12626,1
809,777,12858,17901,1
816,279,12778,16741,2
816,636,12778,12312,1
820,733,12158,19887,2
820,1000,12158,13129,1
829,654,12522,15472,1
833,1016,19192,19166,1
835,660,19889,17704,1
835,1638,19889,20640,1
835,1699,19889,20424,1
837,1037,19236,13218,1
839,206,19865,18868,1
839,1610,19865,14494,1
841,206,15308,18868,1
842,675,12813,12492,1
847,804,12834,19533,1
847,1120,12834,13395,1
849,789,12923,19214,1
850,369,19526,19020,1
850,1572,19526,18099,1
854,363,17309,20350,1
855,674,12852,12486,1
855,1024,12852,19300,1
855,1465,12852,18597,1
856,225,12796,17826,1
856,1075,12796,13223,1
856,1438,12796,15548,1
856,1443,12796,14120,1
856,1455,12796,14150,1
859,351,12851,17684,1
866,1699,19526,20424,1
867,628,12880,12600,1
867,1049,12880,13359,1
869,1557,19209,17910,1
873,1497,15261,14226,1
877,636,12886,12312,1
878,679,17921,17636,1
881,109,12895,11152,1
881,850,12895,19526,1
881,970,12895,12258,1
882,1137,12953,18661,1
882,1699,12953,20424,1
883,550,12954,12210,1
883,597,12954,12295,1
883,1133,12954,13356,1
883,1501,12954,18594,1
884,1290,19848,13591,1
885,797,12913,12741,1
886,1148,15163,13411,1
889,644,17318,12382,1
889,881,17318,12895,1
889,1048,17318,13280,1
889,1147,17318,15762,1
890,354,20441,11581,1
891,928,19196,19449,2
895,617,12948,19546,1
897,206,19186,18868,1
898,1527,12947,14314,1
898,1697,12947,20424,1
900,683,15723,12426,1
900,1136,15723,19583,1
901,181,12982,11312,1
901,1016,12982,19166,1
902,268,15226,11377,2
903,953,19180,13056,1
906,730,15641,12622,1
908,658,12966,12432,1
908,760,12966,16660,1
909,1147,12967,15762,1
909,1349,12967,19359,1
911,652,13007,12403,1
911,1646,13007,16339,1
912,142,13007,18974,1
912,938,13007,13018,1
913,21,12937,18729,1
913,76,12937,11105,1
913,90,12937,19615,1
913,109,12937,11152,1
913,187,12937,11230,1
913,388,12937,20325,1
914,719,12937,12538,1
916,820,12971,12158,1
921,248,19284,19651,2
921,670,19284,12505,1
928,138,19449,18995,2
928,1674,19449,14667,1
930,1321,12993,13731,1
930,1379,12993,19350,1
934,111,19451,11156,1
934,1061,19451,19144,1
938,1179,13018,13556,1
941,730,13017,12622,1
944,901,13050,12982,1
944,1158,13050,13424,1
944,1288,13050,13639,1
945,526,15758,18086,1
946,1439,13060,18000,1
947,628,15937,12600,1
949,808,19444,12728,1
956,1699,17380,20424,1
959,192,17380,15733,1
962,859,19853,12851,1
964,1646,13080,16339,2
965,1310,13092,13736,1
968,701,13094,12488,1
970,651,12258,20496,1
970,1079,12258,13261,2
970,1134,12258,13378,1
970,1147,12258,15762,1
970,1181,12258,13491,1
970,1186,12258,15709,1
970,1408,12258,14029,1
970,1439,12258,18000,1
970,1464,12258,14180,1
972,482,15832,11941,1
972,1534,15832,14358,1
972,1684,15832,16375,1
976,713,13140,19550,1
976,1155,13140,17414,1
976,1539,13140,18359,1
978,1134,13103,13378,1
978,1549,13103,14357,1
979,1646,13145,16339,1
984,1215,19224,19091,1
986,739,17375,12522,1
986,1289,17375,15447,1
986,1696,17375,14714,2
988,729,13128,12747,1
988,883,13128,12954,1
989,737,17706,12620,1
991,620,19172,12336,1
991,729,19172,12747,1
991,1585,19172,14142,1
992,706,15124,10997,1
995,1044,19281,19070,1
995,1084,19281,19071,1
996,452,15492,18309,1
996,1308,15492,17895,1
998,1568,13160,10796,2
999,1646,13141,16339,1
1000,460,13129,16684,1
1000,1157,13129,13424,1
1001,1162,13114,19153,1
1006,206,13153,18868,1
1006,373,13153,11667,1
1006,835,13153,19889,1
1006,1547,13153,14365,1
1007,1135,13153,19116,1
1007,1606,13153,14450,1
1009,1063,17937,13258,1
1011,995,19113,19281,1
1012,821,13149,12771,1
1013,229,19066,18277,2
1013,602,19066,16973,1
1013,1198,19066,13525,1
1013,1257,19066,19084,1
1013,1304,19066,13841,1
1013,1408,19066,14029,1
1013,1507,19066,14269,1
1014,118,13148,15673,1
1015,1699,13359,20424,1
1016,889,19166,17318,1
1016,1270,19166,13599,1
1017,1697,13167,20424,1
1022,1246,13163,13538,1
1024,1211,19300,13403,1
1030,1374,13088,13964,1
1033,1267,13233,13589,1
1034,380,13227,20119,2
1035,169,13234,11250,1
1035,670,13234,12505,1
1035,1192,13234,19141,1
1035,1240,13234,19051,1
1036,296,12351,19688,1
1036,842,12351,12813,1
1036,1605,12351,10763,1
1037,1261,13218,13696,1
1037,1310,13218,13736,1
1037,1624,13218,14600,1
1044,1576,19070,14406,1
1048,1259,13280,18713,1
1048,1332,13280,13841,1
1051,488,15528,11946,1
1051,827,15528,12522,1
1054,1527,13254,14314,1
1055,1555,16659,14342,1
1057,1648,18033,14723,1
1061,1621,19144,17016,1
1062,249,19076,20360,1
1062,1326,19076,13762,1
1062,1527,19076,14314,1
1063,701,13258,12488,1
1063,778,13258,12831,1
1064,1263,14908,13606,1
1066,1342,18644,13759,1
1067,1258,13290,13607,1
1070,1435,15498,14110,1
1071,452,13292,18309,1
1071,630,13292,12325,1
1071,908,13292,12966,1
1071,1041,13292,19164,1
1075,823,13223,12774,1
1075,917,13223,13005,1
1075,1130,13223,13392,1
1075,1430,13223,14026,1
1077,1429,13274,17977,1
1079,1647,13261,14723,1
1080,1444,18013,17883,1
1082,463,15714,12500,1
1082,1516,15714,15066,1
1083,1132,19120,13283,1
1084,1257,19071,19084,1
1084,1259,19071,18713,1
1084,1427,19071,17104,2
1086,504,19071,15135,1
1087,1258,17906,13607,1
1089,1007,13332,13153,1
1089,1092,13332,13324,1
1089,1132,13332,13283,2
1089,1294,13332,19032,1
1091,1240,13332,19051,1
1094,932,19288,19563,1
1100,370,13335,19713,1
1100,1091,13335,13332,1
1100,1159,13335,17913,1
1104,1083,13345,19120,1
1104,1588,13345,14454,1
1105,1427,18645,17104,1
1108,1453,18645,14181,1
1113,1121,19569,19334,1
1114,1350,19435,13877,1
1117,1621,13390,17016,1
1118,452,15576,18309,1
1121,439,19334,19025,1
1121,470,19334,20066,2
1121,1129,19334,13392,1
1124,1372,13183,14010,1
1125,143,13283,18994,2
1125,206,13283,18868,1
1125,216,13283,20281,1
1125,812,13283,12785,1
1125,850,13283,19526,1
1129,951,13392,19126,1
1129,1592,13392,18574,1
1132,602,13283,16973,1
1132,838,13283,12868,1
1132,1133,13283,13356,1
1132,1146,13283,19158,2
1133,333,13356,11467,1
1133,639,13356,12444,1
1133,672,13356,19991,1
1133,954,13356,19126,1
1133,1107,13356,19096,1
1133,1192,13356,19141,1
1133,1294,13356,19032,1
1133,1486,13356,10884,1
1134,972,13378,15832,1
1134,1449,13378,18005,1
1137,1320,18661,18018,1
1139,845,15567,12813,1
1142,1228,18629,13564,1
1142,1693,18629,16925,1
1143,269,19409,11395,7
1143,281,19409,11386,3
1143,282,19409,20361,1
1143,297,19409,11414,2
1143,298,19409,11426,4
1143,309,19409,15329,1
1143,359,19409,11568,1
1143,416,19409,11810,2
1143,891,19409,19196,2
1143,1174,19409,17476,1
1145,1507,19158,14269,1
1147,1489,15762,17879,1
1147,1699,15762,20424,1
1148,1407,13411,20451,1
1155,1402,17414,14001,1
1156,432,13422,16786,1
1156,1317,13422,19378,1
1156,1684,13422,16375,1
1158,1569,13424,18588,1
1164,506,13441,20020,1
1167,184,15566,18996,1
1168,984,13483,19224,1
1171,451,19036,16978,1
1171,682,19036,18715,1
1171,1004,19036,19103,1
1174,769,17476,12691,1
1175,968,13453,13094,1
1179,1299,13556,13682,1
1180,1289,13491,15447,1
1182,1703,19580,16898,1
1184,889,13492,17318,1
1184,991,13492,19172,1
1184,1701,13492,20424,1
1185,915,17418,12526,1
1185,916,17418,12971,1
1186,451,15709,16978,1
1186,673,15709,12507,1
1186,744,15709,12553,1
1186,992,15709,15124,1
1186,1346,15709,13891,1
1186,1397,15709,17986,1
1186,1416,15709,17519,1
1186,1511,15709,15550,1
1189,683,19426,12426,1
1190,731,13479,19951,1
1192,1125,19141,13283,1
1194,508,13470,19789,1
1194,730,13470,12622,1
1194,1337,13470,19343,1
1195,741,17485,12642,1
1195,1220,17485,19588,1
1197,719,17892,12538,1
1198,1614,13525,18598,1
1198,1636,13525,16136,1
1203,504,13501,15135,1
1204,482,13493,11941,1
1205,1258,13480,13607,1
1206,1465,18036,18597,1
1207,373,13480,11667,1
1207,995,13480,19281,1
1208,109,16816,11152,1
1208,1287,16816,16825,1
1211,630,13403,12325,1
1211,986,13403,17375,1
1211,1363,13403,13898,1
1211,1416,13403,17519,1
1214,1313,13511,16820,1
1214,1693,13511,16925,1
1216,206,19091,18868,1
1217,1037,13526,13218,1
1220,212,19588,18979,1
1220,369,19588,19020,1
1220,527,19588,12115,1
1220,1036,19588,12351,1
1220,1156,19588,13422,1
1220,1474,19588,14943,1
1222,1294,13531,19032,1
1223,970,13563,12258,1
1223,1035,13563,13234,1
1223,1062,13563,19076,1
1223,1440,13563,14143,1
1224,1699,18659,20424,1
1226,105,18713,17765,1
1226,409,18713,17542,1
1226,523,18713,20418,1
1226,1057,18713,18033,1
1226,1493,18713,17558,1
1229,452,16830,18309,1
1229,1197,16830,17892,1
1229,1219,16830,16805,1
1229,1292,16830,13591,1
1229,1308,16830,17895,1
1229,1313,16830,16820,1
1230,683,16580,12426,1
1233,208,13534,19635,1
1233,946,13534,13060,1
1233,1133,13534,13356,1
1233,1195,13534,17485,1
1233,1404,13534,14033,1
1233,1533,13534,14312,1
1233,1565,13534,17020,1
1235,964,13548,13080,2
1236,1505,15606,20533,1
1238,287,13560,11376,2
1245,1310,13595,13736,1
1246,211,13538,18866,1
1246,1155,13538,17414,1
1248,468,10909,12034,1
1249,566,13593,16755,1
1249,1603,13593,14488,1
1250,735,16829,15201,1
1258,194,13607,18178,1
1258,393,13607,11697,1
1258,490,13607,11999,1
1258,546,13607,19785,1
1258,1107,13607,19096,1
1258,1299,13607,13682,1
1258,1408,13607,14029,1
1259,682,18713,18715,1
1259,984,18713,19224,1
1259,1084,18713,19071,1
1260,275,17430,20389,1
1260,1438,17430,15548,1
1260,1479,17430,14156,1
1262,1287,16812,16825,1
1262,1524,16812,14250,1
1263,964,13606,13080,1
1263,1348,13606,13885,1
1263,1407,13606,20451,1
1265,682,13629,18715,1
1265,835,13629,19889,1
1266,884,13614,19848,1
1266,1443,13614,14120,1
1266,1534,13614,14358,1
1266,1555,13614,14342,1
1266,1607,13614,14512,2
1269,682,13629,18715,1
1269,1273,13629,18714,1
1269,1600,13629,14483,1
1269,1602,13629,14487,1
1270,485,13599,20024,1
1275,1419,13667,15546,1
1276,1413,13667,17076,1
1277,411,13642,11782,1
1277,1464,13642,14180,1
1278,249,19394,20360,1
1279,1555,17917,14342,1
1280,1204,13637,13493,1
1281,427,17917,16693,1
1281,1000,17917,13129,1
1282,986,18612,17375,2
1283,1046,13542,19251,1
1284,554,13662,19765,1
1284,1579,13662,14383,1
1287,1208,16825,16816,1
1287,1448,16825,15102,1
1289,4,15447,18805,2
1289,767,15447,16801,1
1289,1295,15447,13592,1
1289,1325,15447,18604,1
1289,1448,15447,15102,1
1289,1600,15447,14483,2
1290,1262,13591,16812,1
1291,1251,15539,13596,1
1291,1416,15539,17519,1
1292,666,13591,12491,1
1292,1197,13591,17892,1
1294,433,19032,20166,1
1294,1006,19032,13153,1
1294,1030,19032,13088,1
1294,1084,19032,19071,1
1294,1089,19032,13332,1
1294,1452,19032,14181,2
1294,1453,19032,14181,1
1294,1540,19032,18588,1
1294,1588,19032,14454,1
1294,1610,19032,14494,1
1294,1635,19032,16134,1
1296,883,18600,12954,1
1297,1454,13759,15552,1
1297,1565,13759,17020,1
1299,304,13682,15055,1
1299,1089,13682,13332,1
1299,1106,13682,13362,1
1299,1426,13682,15837,1
1299,1546,13682,18055,1
1301,206,13698,18868,1
1304,724,13841,12628,1
1304,788,13841,12810,1
1304,1011,13841,19113,1
1304,1390,13841,14002,1
1304,1440,13841,14143,1
1305,210,13740,16152,1
1305,526,13740,18086,1
1305,889,13740,17318,1
1305,1137,13740,18661,1
1305,1171,13740,19036,1
1305,1226,13740,18713,1
1305,1446,13740,14175,1
1305,1465,13740,18597,1
1306,650,13706,15743,1
1308,262,17895,11378,1
1308,486,17895,11985,1
1308,1229,17895,16830,2
1308,1292,17895,13591,1
1309,945,17436,15758,1
1309,1284,17436,13662,1
1310,132,13736,11188,1
1310,1699,13736,20424,1
1313,351,16820,17684,1
1313,1515,16820,14275,1
1314,766,18714,17805,1
1314,1453,18714,14181,1
1316,1233,13726,13534,1
1316,1236,13726,15606,1
1317,249,19378,20360,1
1320,1507,18018,14269,1
1321,183,13731,11273,1
1321,1071,13731,13292,1
1321,1515,13731,14275,1
1321,1612,13731,18388,1
1321,1622,13731,18395,1
1322,901,18607,12982,1
1329,1333,13782,13874,1
1335,1263,13832,13606,1
1336,163,13846,19000,2
1336,725,13846,15499,1
1336,1156,13846,13422,1
1337,1279,19343,17917,1
1337,1534,19343,14358,1
1342,1464,13759,14180,1
1344,1134,13896,13378,1
1346,744,13891,12553,1
1346,1299,13891,13682,1
1346,1361,13891,13882,1
1346,1464,13891,14180,1
1346,1602,13891,14487,1
1347,1503,18620,10840,1
1347,1588,18620,14454,1
1347,1682,18620,14689,1
1348,1316,13885,13726,1
1349,1037,19359,13218,1
1349,1184,19359,13492,1
1349,1301,19359,13698,1
1350,744,13877,12553,1
1350,1211,13877,13403,1
1350,1423,13877,19431,1
1351,1492,17973,14205,1
1351,1523,17973,14295,1
1351,1624,17973,14600,1
1352,403,13871,16702,2
1352,1496,13871,14224,1
1354,1407,13774,20451,1
1356,1138,13897,18625,1
1356,1411,13897,14041,1
1357,1291,13867,15539,1
1359,1699,13882,20424,1
1360,1304,13916,13841,1
1361,1520,13882,15768,1
1363,1185,13898,17418,1
1363,1531,13898,10789,1
1365,1305,19358,13740,1
1368,734,13936,12635,1
1368,1246,13936,13538,1
1370,1156,13911,13422,1
1370,1480,13911,14635,1
1372,1168,14010,13483,1
1373,1174,19432,17476,1
1374,1274,13964,18714,1
1374,1618,13964,14565,1
1375,1312,15632,13713,1
1375,1316,15632,13726,1
1375,1344,15632,13896,1
1377,1046,18606,19251,1
1377,1488,18606,17466,1
1378,1165,13964,19153,1
1379,1489,19350,17879,1
1380,1500,14038,14251,1
1380,1699,14038,20424,1
1381,1075,13960,13223,1
1381,1561,13960,14423,1
1384,1481,13970,16585,1
1384,1618,13970,14565,1
1385,1313,10921,16820,1
1385,1599,10921,10939,1
1385,1655,10921,14649,1
1386,1120,13992,13395,1
1389,1212,14012,14534,1
1389,1487,14012,13955,1
1389,1488,14012,17466,1
1395,142,14052,18974,1
1395,1056,14052,19144,1
1395,1104,14052,13345,1
1395,1258,14052,13607,1
1395,1294,14052,19032,1
1397,1499,17986,16586,1
1401,1242,14018,13587,1
1404,1279,14033,17917,1
1406,694,14013,12564,1
1406,1242,14013,13587,1
1406,1470,14013,14155,1
1407,1194,20451,13470,1
1407,1555,20451,14342,1
1407,1603,20451,14488,1
1408,1205,14029,13480,1
1408,1386,14029,13992,1
1409,409,14020,17542,1
1410,720,19339,20448,1
1411,1567,14041,15272,1
1412,1508,17548,17025,1
1413,211,17076,18866,1
1413,1304,17076,13841,1
1413,1512,17076,14274,1
1416,622,17519,19903,1
1416,733,17519,19887,2
1416,1506,17519,14255,1
1416,1579,17519,14383,1
1417,1172,14052,18651,2
1419,1429,15546,17977,1
1419,1568,15546,10796,1
1419,1573,15546,14399,1
1421,137,14130,16852,2
1421,1577,14130,14346,2
1422,522,14071,11802,1
1426,660,15837,17704,1
1427,1614,17104,18598,1
1430,730,14026,12622,1
1433,1588,14114,14454,1
1434,906,14139,15641,1
1436,1488,18599,17466,1
1438,1361,15548,13882,1
1438,1508,15548,17025,1
1438,1565,15548,17020,1
1438,1701,15548,20424,1
1439,452,18000,18309,1
1439,1198,18000,13525,1
1439,1384,18000,13970,1
1439,1404,18000,14033,1
1439,1686,18000,16539,1
1439,1699,18000,20424,1
1440,769,14143,12691,1
1440,835,14143,19889,1
1440,1165,14143,19153,1
1440,1398,14143,17444,1
1445,1584,17908,14439,1
1446,142,14175,18974,1
1448,1156,15102,13422,1
1448,1371,15102,19349,1
1449,600,18005,12354,1
1449,1567,18005,15272,1
1451,1099,10772,19397,1
1452,356,14181,11572,1
1452,392,14181,11711,1
1452,519,14181,19840,1
1452,984,14181,19224,1
1453,102,14181,18104,1
1453,948,14181,19185,1
1453,1269,14181,13629,1
1453,1305,14181,13740,4
1453,1314,14181,18714,1
1455,1567,14150,15272,1
1458,1135,17101,19116,1
1458,1596,17101,14475,1
1460,1316,14131,13726,1
1462,1207,10846,13480,1
1464,436,14180,11825,1
1464,857,14180,12862,1
1464,955,14180,13060,1
1464,1449,14180,18005,1
1464,1579,14180,14383,1
1464,1593,14180,14456,1
1465,229,18597,18277,1
1465,1181,18597,13491,1
1465,1486,18597,10884,1
1465,1588,18597,14454,1
1465,1621,18597,17016,1
1465,1647,18597,14723,1
1466,197,14170,11289,2
1466,272,14170,15772,1
1466,1223,14170,13563,1
1468,1612,17881,18388,1
1470,1390,14155,14002,1
1474,482,14943,11941,1
1474,636,14943,12312,1
1474,1600,14943,14483,1
1477,1593,18008,14456,1
1478,206,14234,18868,1
1478,1598,14234,14886,1
1478,1695,14234,16470,1
1479,1291,14156,15539,1
1480,1576,14635,14406,1
1481,725,16585,15499,1
1481,1094,16585,19288,1
1481,1098,16585,19297,1
1481,1209,16585,13490,1
1481,1398,16585,17444,1
1481,1695,16585,16470,1
1482,1470,20544,14155,1
1483,550,17909,12210,1
1483,1309,17909,17436,1
1483,1593,17909,14456,1
1484,1695,14220,16470,1
1486,1269,10884,13629,1
1486,1446,10884,14175,1
1486,1465,10884,18597,1
1486,1507,10884,14269,3
1487,1389,13955,14012,1
1488,595,17466,16242,1
1488,1297,17466,13759,1
1488,1324,17466,19364,1
1488,1389,17466,14012,1
1488,1457,17466,14155,1
1489,1541,17879,14363,1
1492,43,14205,11091,1
1492,645,14205,16643,1
1492,804,14205,19533,2
1492,1168,14205,13483,1
1492,1556,14205,16584,1
1492,1578,14205,14449,1
1492,1579,14205,14383,1
1492,1705,14205,20423,1
1493,1377,17558,18606,1
1495,1611,14484,16594,1
1497,1699,14226,20424,1
1499,243,16586,11347,1
1503,625,10840,12369,2
1503,1221,10840,13524,1
1503,1707,10840,20423,2
1504,1128,17025,13183,1
1504,1304,17025,13841,1
1504,1412,17025,17548,1
1504,1699,17025,20424,1
1505,1071,20533,13292,1
1506,1505,14255,20533,1
1507,946,14269,13060,1
1507,1427,14269,17104,1
1507,1486,14269,10884,2
1507,1508,14269,17025,1
1507,1689,14269,10897,1
1508,210,17025,16152,1
1508,1257,17025,19084,1
1508,1544,17025,20454,1
1508,1697,17025,20424,1
1509,84,14288,19612,1
1509,605,14288,16647,1
1509,1429,14288,17977,1
1509,1602,14288,14487,1
1510,1505,14286,20533,1
1511,1445,15550,17908,1
1511,1446,15550,14175,1
1515,735,14275,15201,1
1515,1289,14275,15447,1
1515,1313,14275,16820,1
1515,1518,14275,20452,1
1515,1604,14275,16142,1
1516,1527,15066,14314,1
1518,1515,20452,14275,1
1519,1607,16577,14512,1
1520,947,15768,15937,1
1520,1531,15768,10789,1
1521,1350,10890,13877,1
1522,1326,14283,13762,1
1523,270,14295,11372,1
1523,1360,14295,13916,1
1525,1304,14284,13841,1
1527,191,14314,11232,1
1527,452,14314,18309,1
1527,1057,14314,18033,1
1527,1348,14314,13885,1
1527,1429,14314,17977,1
1527,1449,14314,18005,1
1527,1470,14314,14155,1
1527,1478,14314,14234,1
1527,1492,14314,14205,1
1527,1609,14314,14508,1
1527,1699,14314,20424,1
1528,132,17833,11188,2
1528,1605,17833,10763,1
1530,87,14329,18468,1
1530,97,14329,19605,2
1530,1301,14329,13698,1
1531,1291,10789,15539,1
1531,1350,10789,13877,1
1532,1168,14336,13483,1
1532,1269,14336,13629,1
1532,1624,14336,14600,1
1533,1699,14312,20424,1
1534,1646,14358,16339,1
1538,1572,14330,18099,1
1540,1257,18588,19084,1
1540,1493,18588,17558,1
1540,1565,18588,17020,1
1540,1582,18588,18573,1
1540,1588,18588,14454,1
1540,1699,18588,20424,1
1542,184,14341,18996,1
1544,1104,20454,13345,1
1544,1167,20454,15566,1
1544,1186,20454,15709,1
1544,1192,20454,19141,1
1544,1193,20454,18635,1
1544,1502,20454,14217,1
1544,1609,20454,14508,1
1544,1637,20454,14955,1
1546,1180,18055,13491,1
1547,482,14365,11941,1
1547,1125,14365,13283,1
1547,1602,14365,14487,1
1547,1647,14365,14723,1
1549,1312,14357,13713,2
1550,1697,14369,20424,1
1553,1699,14398,20424,1
1554,1304,14352,13841,1
1555,1006,14342,13153,1
1555,1227,14342,19145,1
1555,1316,14342,13726,1
1555,1426,14342,15837,1
1555,1439,14342,18000,1
1555,1486,14342,10884,1
1555,1506,14342,14255,1
1559,1614,10874,18598,1
1560,1305,14378,13740,1
1561,1181,14423,13491,1
1561,1416,14423,17519,1
1561,1602,14423,14487,2
1565,1133,17020,13356,1
1565,1512,17020,14274,1
1565,1600,17020,14483,1
1565,1614,17020,18598,1
1567,1480,15272,14635,1
1572,1485,18099,18581,1
1573,810,14399,12858,1
1573,1547,14399,14365,1
1574,1701,14416,20424,1
1577,250,14346,20302,2
1578,1416,14449,17519,1
1578,1512,14449,14274,1
1579,210,14383,16152,1
1579,268,14383,11377,1
1579,563,14383,19904,1
1579,800,14383,12740,1
1579,1036,14383,12351,1
1579,1263,14383,13606,1
1579,1464,14383,14180,1
1579,1605,14383,10763,1
1579,1619,14383,14561,1
1579,1699,14383,20424,1
1581,1453,14392,14181,1
1582,206,18573,18868,1
1583,1233,14416,13534,1
1586,845,18373,12813,1
1588,844,14454,12868,1
1588,1294,14454,19032,1
1588,1326,14454,13762,1
1588,1501,14454,18594,2
1588,1507,14454,14269,1
1588,1617,14454,14559,1
1589,365,14393,20204,1
1589,1321,14393,13731,1
1589,1505,14393,20533,2
1589,1646,14393,16339,1
1590,1036,17866,12351,1
1590,1371,17866,19349,1
1590,1411,17866,14041,1
1592,970,18574,12258,1
1592,1647,18574,14723,1
1593,1260,14456,17430,1
1593,1547,14456,14365,3
1593,1683,14456,18590,1
1596,1428,14475,14044,1
1596,1508,14475,17025,1
1597,1492,14490,14205,1
1598,1458,14886,17101,1
1600,698,14483,12546,2
1600,1527,14483,14314,1
1600,1679,14483,15253,1
1600,1693,14483,16925,1
1602,995,14487,19281,1
1602,1161,14487,19059,1
1602,1226,14487,18713,1
1602,1445,14487,17908,1
1602,1543,14487,18100,1
1602,1647,14487,14723,1
1603,1480,14488,14635,1
1604,102,16142,18104,1
1604,856,16142,12796,1
1604,1019,16142,13175,1
1604,1208,16142,16816,1
1604,1527,16142,14314,1
1604,1646,16142,16339,3
1604,1686,16142,16539,1
1605,800,10763,12740,1
1605,1528,10763,17833,1
1605,1612,10763,18388,1
1606,1523,14450,14295,2
1606,1562,14450,14361,1
1607,1411,14512,14041,1
1607,1519,14512,16577,1
1607,1604,14512,16142,1
1609,372,14508,11643,1
1609,1054,14508,13254,1
1609,1463,14508,18481,1
1609,1561,14508,14423,1
1610,1336,14494,13846,2
1610,1520,14494,15768,1
1610,1546,14494,18055,1
1610,1559,14494,10874,1
1610,1687,14494,14669,1
1611,1588,16594,14454,1
1612,1023,18388,19300,1
1614,1223,18598,13563,1
1614,1297,18598,13759,1
1614,1390,18598,14002,1
1614,1596,18598,14475,1
1614,1647,18598,14723,2
1615,1647,18569,14723,1
1616,1624,14549,14600,1
1617,1699,14559,20424,1
1618,1446,14565,14175,1
1618,1508,14565,17025,1
1618,1540,14565,18588,1
1618,1581,14565,14392,1
1619,1567,14561,15272,1
1619,1673,14561,20648,2
1620,995,17128,19281,1
1620,1439,17128,18000,1
1620,1527,17128,14314,1
1621,71,17016,18434,1
1621,249,17016,20360,1
1621,704,17016,17278,1
1621,1141,17016,19398,1
1621,1412,17016,17548,1
1621,1509,17016,14288,1
1621,1547,17016,14365,1
1622,1599,18395,10939,1
1623,1291,14556,15539,1
1623,1673,14556,20648,1
1623,1679,14556,15253,1
1623,1693,14556,16925,2
1624,1581,14600,14392,1
1624,1593,14600,14456,1
1625,1471,16131,14210,1
1625,1483,16131,17909,1
1628,1494,18090,18067,1
1629,485,16599,20024,4
1632,1635,16606,16134,1
1635,197,16134,11289,2
1636,267,16136,11372,1
1637,100,14955,11176,1
1637,1600,14955,14483,1
1637,1614,14955,18598,1
1637,1647,14955,14723,1
1638,1688,20640,10959,1
1640,1711,14633,16382,1
1645,1693,20642,16925,1
1646,143,16339,18994,1
1646,235,16339,11301,1
1646,460,16339,16684,1
1646,476,16339,15363,1
1646,630,16339,12325,1
1646,652,16339,12403,1
1646,965,16339,13092,1
1646,1122,16339,13379,1
1646,1175,16339,13453,1
1646,1176,16339,13462,1
1646,1194,16339,13470,1
1646,1277,16339,13642,1
1646,1289,16339,15447,1
1646,1580,16339,14459,1
1646,1589,16339,14393,1
1646,1607,16339,14512,1
1646,1613,16339,14497,1
1646,1647,16339,14723,1
1646,1677,16339,14651,1
1646,1684,16339,16375,7
1647,1374,14723,13964,1
1647,1407,14723,20451,1
1647,1427,14723,17104,1
1647,1566,14723,18360,1
1647,1581,14723,14392,1
1647,1618,14723,14565,1
1647,1621,14723,17016,1
1647,1681,14723,14687,1
1647,1682,14723,14689,1
1647,1683,14723,18590,3
1648,1187,14723,19129,1
1648,1240,14723,19051,1
1648,1452,14723,14181,1
1648,1485,14723,18581,1
1648,1569,14723,18588,1
1648,1581,14723,14392,1
1651,1579,20641,14383,1
1652,1374,14959,13964,1
1652,1593,14959,14456,1
1653,1627,20678,17843,1
1655,1619,14649,14561,1
1661,1404,14653,14033,1
1661,1609,14653,14508,1
1669,156,20426,11216,1
1670,1211,20648,13403,1
1672,1064,14663,14908,1
1673,383,20648,11702,1
1673,534,20648,20133,1
1673,1410,20648,19339,1
1673,1464,20648,14180,1
1673,1619,20648,14561,1
1674,1533,14667,14312,1
1674,1661,14667,14653,1
1674,1682,14667,14689,1
1676,1669,14654,20426,2
1677,1346,14651,13891,1
1677,1603,14651,14488,1
1678,1482,14612,20544,1
1678,1686,14612,16539,1
1679,77,15253,18104,1
1679,1277,15253,13642,1
1679,1489,15253,17879,1
1679,1697,15253,20424,1
1679,1699,15253,20424,1
1681,616,14687,16649,1
1681,1618,14687,14565,1
1681,1624,14687,14600,1
1681,1637,14687,14955,1
1682,1544,14689,20454,1
1683,1610,18590,14494,1
1683,1647,18590,14723,2
1684,493,16375,11999,1
1684,566,16375,16755,1
1684,1237,16375,13555,1
1684,1251,16375,13596,1
1684,1297,16375,13759,1
1684,1466,16375,14170,1
1684,1590,16375,17866,1
1684,1646,16375,16339,6
1684,1686,16375,16539,3
1684,1695,16375,16470,2
1685,170,16539,19595,1
1685,452,16539,18309,1
1685,1244,16539,13637,1
1685,1603,16539,14488,1
1686,297,16539,11414,2
1686,1684,16539,16375,2
1686,1695,16539,16470,1
1687,1305,14669,13740,1
1687,1544,14669,20454,1
1687,1609,14669,14508,1
1687,1624,14669,14600,1
1687,1646,14669,16339,1
1688,163,10959,19000,2
1688,290,10959,11423,2
1688,1691,10959,14735,1
1689,1679,10897,15253,1
1689,1681,10897,14687,1
1689,1694,10897,20427,1
1691,1683,14735,18590,1
1691,1688,14735,10959,1
1692,1453,15454,14181,1
1693,393,16925,11697,1
1693,470,16925,20066,1
1693,690,16925,12624,1
1693,1013,16925,19066,1
1693,1161,16925,19059,1
1693,1334,16925,13874,1
1693,1598,16925,14886,1
1693,1604,16925,16142,1
1693,1638,16925,20640,1
1693,1640,16925,14633,1
1693,1654,16925,15251,1
1693,1673,16925,20648,1
1693,1679,16925,15253,1
1693,1689,16925,10897,1
1693,1697,16925,20424,2
1693,1699,16925,20424,2
1693,1712,16925,17198,1
1694,1540,20427,18588,1
1694,1692,20427,15454,1
1695,720,16470,20448,1
1695,1439,16470,18000,1
1695,1555,16470,14342,1
1695,1604,16470,16142,1
1695,1696,16470,14714,1
1696,719,14714,12538,1
1696,734,14714,12635,1
1696,1697,14714,20424,1
1696,1699,14714,20424,2
1697,124,20424,19002,1
1697,452,20424,18309,1
1697,1051,20424,15528,1
1697,1693,20424,16925,6
1697,1709,20424,16898,1
1698,1181,16898,13491,1
1698,1681,16898,14687,1
1698,1689,16898,10897,1
1699,124,20424,19002,1
1699,135,20424,19636,2
1699,165,20424,18936,1
1699,267,20424,11372,1
1699,270,20424,11372,1
1699,272,20424,15772,1
1699,377,20424,11643,1
1699,429,20424,19835,1
1699,521,20424,12114,1
1699,565,20424,19987,1
1699,628,20424,12600,1
1699,895,20424,12948,1
1699,939,20424,13131,1
1699,1121,20424,19334,1
1699,1199,20424,13489,1
1699,1301,20424,13698,1
1699,1368,20424,13936,1
1699,1565,20424,17020,1
1699,1602,20424,14487,1
1699,1621,20424,17016,1
1699,1622,20424,18395,1
1699,1679,20424,15253,1
1699,1693,20424,16925,5
1699,1695,20424,16470,1
1699,1706,20424,16898,1
1699,1709,20424,16898,1
1699,1711,20424,16382,3
1701,1546,20424,18055,1
1701,1629,20424,16599,1
1705,153,20423,19675,2
1705,1711,20423,16382,5
1706,1547,16898,14365,1
1707,145,20423,11243,1
1707,958,20423,20437,2
1707,1134,20423,13378,1
1707,1186,20423,15709,1
1707,1321,20423,13731,1
1707,1377,20423,18606,1
1707,1673,20423,20648,1
1707,1679,20423,15253,1
1707,1711,20423,16382,2
1709,1474,16898,14943,1
1709,1691,16898,14735,1
1709,1699,16898,20424,1
1711,1693,16382,16925,1
1711,1694,16382,20427,1
1711,1695,16382,16470,1
1711,1697,16382,20424,1
1711,1699,16382,20424,3
1711,1705,16382,20423,1
1711,1707,16382,20423,1
1711,1709,16382,16898,1
1712,1434,17198,14139,1
1712,1567,17198,15272,1
