24.517,46.776,20404
24.517,46.89,16208
24.517,46.89,16208
24.524,46.71,18805
24.525,46.648,11072
24.529,46.687,18825
24.53,46.722,18736
24.53,46.703,18789
24.531,46.696,18763
24.532,46.711,18737
24.533,46.676,18823
24.533,46.656,11082
24.534,46.717,18736
24.535,46.667,18826
24.536,46.7,16836
24.537,46.642,18725
24.537,46.642,18725
24.538,46.712,16841
24.539,46.662,18729
24.539,46.801,11056
24.539,46.662,18729
24.541,46.681,18755
24.541,46.774,16864
24.542,46.88,16193
24.543,46.727,18854
24.543,46.692,16399
24.543,46.717,16840
24.544,46.67,18836
24.544,46.704,16838
24.544,46.889,18697
24.545,46.654,18721
24.546,46.712,11091
24.548,46.696,18859
24.548,46.69,16399
24.548,46.882,11086
24.549,46.722,18855
24.55,46.658,18728
24.55,46.761,18943
24.55,46.67,18746
24.55,46.676,18740
24.551,46.733,18854
24.551,46.789,18961
24.551,46.708,11091
24.551,46.717,18858
24.552,46.7,18859
24.552,46.686,16398
24.552,46.89,18701
24.553,46.876,18703
24.554,46.541,18984
24.555,46.867,11111
24.555,46.694,18865
24.555,46.694,18865
24.556,46.677,15690
24.556,46.707,16849
24.556,46.722,20725
24.556,46.683,18862
24.557,46.761,18944
24.557,46.881,18699
24.557,46.592,16783
24.558,46.766,18942
24.558,46.78,11333
24.558,46.861,20575
24.558,46.639,11099
24.558,46.637,11099
24.559,46.89,18109
24.559,46.699,16849
24.56,46.693,16847
24.561,46.714,11136
24.562,46.707,11137
24.563,46.682,18860
24.563,46.79,18434
24.563,46.872,20574
24.564,46.767,18940
24.564,46.565,18989
24.564,46.746,18911
24.565,46.65,11105
24.565,46.879,18104
24.565,46.633,15781
24.566,46.807,18110
24.566,46.703,11135
24.566,46.602,19007
24.566,46.697,11121
24.566,46.697,11121
24.566,46.644,19612
24.567,46.688,20701
24.567,46.688,20701
24.567,46.773,18468
24.567,46.783,18947
24.568,46.84,16156
24.569,46.654,19615
24.569,46.765,18921
24.569,46.702,11135
24.569,46.536,18975
24.569,46.685,20703
24.569,46.702,11135
24.57,46.692,15676
24.57,46.624,19605
24.57,46.692,15676
24.57,46.709,11176
24.57,46.709,11176
24.571,46.827,18958
24.571,46.877,18104
24.571,46.629,19605
24.571,46.727,20730
24.571,46.752,17765
24.572,46.795,18951
24.572,46.637,19604
24.572,46.644,19613
24.572,46.665,11152
24.573,46.584,19002
24.573,46.615,11156
24.573,46.773,18913
24.574,46.549,18976
24.574,46.86,20574
24.574,46.663,19616
24.575,46.69,15127
24.575,46.69,15127
24.575,46.697,15673
24.575,46.697,15673
24.575,46.624,19601
24.575,46.624,19601
24.576,46.651,11187
24.576,46.542,18991
24.576,46.588,19002
24.576,46.593,19005
24.576,46.669,19631
24.576,46.781,18915
24.576,46.6,19007
24.576,46.661,11190
24.576,46.661,11190
24.577,46.61,11173
24.577,46.678,11188
24.577,46.58,19001
24.577,46.632,19602
24.577,46.656,19636
24.577,46.632,19602
24.578,46.709,16852
24.578,46.572,18995
24.578,46.618,19603
24.578,46.745,18217
24.578,46.649,19637
24.578,46.526,18974
24.579,46.562,18994
24.579,46.722,15792
24.579,46.588,11243
24.58,46.864,17594
24.58,46.769,11332
24.58,46.79,18918
24.58,46.622,19603
24.58,46.664,19620
24.581,46.64,19614
24.581,46.64,19614
24.581,46.696,19675
24.581,46.777,18931
24.581,46.678,19625
24.581,46.686,11216
24.581,46.55,18992
24.581,46.63,11210
24.582,46.669,11222
24.582,46.849,15450
24.582,46.608,11211
24.582,46.647,19637
24.582,46.584,19000
24.583,46.57,18999
24.583,46.757,18936
24.583,46.654,19639
24.583,46.836,18898
24.583,46.602,11218
24.583,46.558,11250
24.584,46.614,19595
24.584,46.595,19004
24.584,46.785,18926
24.584,46.767,18230
24.584,46.677,19624
24.585,46.775,18930
24.585,46.563,18978
24.585,46.66,19634
24.585,46.659,19634
24.585,46.63,19610
24.586,46.797,16448
24.586,46.859,11312
24.586,46.62,11290
24.586,46.666,11273
24.586,46.551,18996
24.586,46.636,19609
24.586,46.688,15788
24.586,46.696,11230
24.586,46.651,11267
24.586,46.811,18896
24.586,46.643,11286
24.587,46.577,11232
24.587,46.539,15733
24.587,46.586,11255
24.587,46.779,18178
24.587,46.678,11289
24.587,46.604,11341
24.588,46.679,11289
24.588,46.611,19596
24.588,46.59,19008
24.588,46.611,19596
24.589,46.71,11322
24.589,46.716,11298
24.59,46.633,19608
24.59,46.661,11305
24.59,46.661,11305
24.59,46.742,18868
24.59,46.887,16941
24.59,46.668,19635
24.59,46.773,18284
24.59,46.853,16152
24.591,46.734,18866
24.591,46.57,18979
24.591,46.764,18268
24.591,46.654,11317
24.591,46.685,11309
24.591,46.725,20281
24.591,46.787,18274
24.592,46.787,18274
24.592,46.555,11308
24.592,46.61,19594
24.592,46.627,11303
24.592,46.588,18078
24.593,46.673,17819
24.593,46.648,11317
24.593,46.703,17826
24.593,46.758,20388
24.593,46.621,11303
24.593,46.715,16745
24.593,46.75,18277
24.594,46.804,18892
24.594,46.69,19668
24.594,46.642,20456
24.594,46.637,19607
24.594,46.637,19607
24.594,46.594,11301
24.595,46.681,11339
24.595,46.765,20457
24.595,46.615,11342
24.596,46.584,19012
24.596,46.737,15796
24.596,46.781,18322
24.596,46.666,19635
24.596,46.712,11347
24.596,46.722,20295
24.596,46.797,18892
24.597,46.607,11327
24.597,46.63,11340
24.597,46.663,19651
24.597,46.737,20360
24.597,46.718,20302
24.597,46.73,20247
24.597,46.774,18339
24.598,46.641,11374
24.598,46.646,11375
24.598,46.688,19664
24.598,46.7,17824
24.599,46.775,18143
24.599,46.652,19650
24.599,46.658,19652
24.6,46.593,11302
24.6,46.625,11376
24.6,46.694,11378
24.6,46.578,19009
24.6,46.709,16737
24.6,46.683,19662
24.6,46.674,19654
24.601,46.748,11372
24.601,46.615,11377
24.601,46.726,11395
24.601,46.748,11372
24.601,46.601,19589
24.602,46.587,15772
24.602,46.8,18897
24.602,46.763,20389
24.602,46.764,20389
24.602,46.688,19656
24.602,46.821,20460
24.602,46.679,11371
24.602,46.716,16741
24.603,46.712,11397
24.604,46.721,11386
24.604,46.735,20361
24.604,46.655,19647
24.604,46.703,19703
24.604,46.833,11445
24.604,46.748,11393
24.605,46.628,11376
24.605,46.683,19692
24.605,46.648,19648
24.606,46.639,11423
24.606,46.602,19592
24.606,46.623,11412
24.606,46.743,11512
24.606,46.689,19661
24.606,46.743,11512
24.607,46.663,19688
24.607,46.725,11414
24.607,46.729,11426
24.608,46.719,20617
24.608,46.756,20364
24.608,46.711,16724
24.608,46.685,19659
24.608,46.756,20364
24.609,46.554,15055
24.609,46.554,15055
24.609,46.772,11459
24.609,46.735,20362
24.61,46.78,18902
24.61,46.73,15329
24.61,46.63,11472
24.611,46.642,19640
24.611,46.673,17784
24.611,46.696,11490
24.611,46.608,11442
24.611,46.749,20377
24.612,46.714,16725
24.612,46.701,19701
24.612,46.708,20214
24.612,46.848,16402
24.613,46.721,20232
24.613,46.689,19698
24.614,46.604,15016
24.614,46.635,11472
24.614,46.732,11494
24.614,46.518,19014
24.614,46.726,11449
24.614,46.733,11496
24.614,46.645,19643
24.614,46.739,11513
24.615,46.681,11502
24.615,46.72,16728
24.616,46.739,11513
24.616,46.756,11467
24.616,46.707,11529
24.616,46.676,11501
24.617,46.712,11498
24.617,46.687,17951
24.617,46.704,11536
24.618,46.693,11524
24.618,46.731,20345
24.618,46.663,19695
24.618,46.698,11578
24.618,46.726,11541
24.618,46.821,15426
24.618,46.822,15426
24.619,46.728,20345
24.619,46.719,20218
24.62,46.748,11582
24.62,46.682,11557
24.62,46.854,15430
24.62,46.573,17684
24.62,46.761,11564
24.621,46.736,11572
24.621,46.706,11581
24.621,46.771,11552
24.621,46.735,11572
24.622,46.623,11472
24.622,46.623,11472
24.622,46.724,11568
24.622,46.69,11623
24.622,46.697,19712
24.622,46.74,20350
24.623,46.74,20350
24.623,46.711,16712
24.623,46.716,20204
24.623,46.526,19029
24.623,46.677,19690
24.624,46.753,11620
24.624,46.552,19020
24.625,46.701,19713
24.625,46.685,11627
24.625,46.776,11643
24.625,46.807,11667
24.626,46.711,16098
24.626,46.563,20699
24.626,46.758,11634
24.626,46.776,11643
24.626,46.667,19696
24.627,46.601,19835
24.627,46.744,20119
24.627,46.659,11657
24.627,46.695,19718
24.628,46.793,11702
24.628,46.715,11714
24.628,46.693,11721
24.628,46.707,16711
24.629,46.712,20055
24.629,46.728,20325
24.629,46.726,20342
24.629,46.721,11730
24.629,46.741,20347
24.63,46.733,11711
24.63,46.751,11697
24.63,46.751,11697
24.63,46.539,19022
24.63,46.697,11736
24.63,46.774,20162
24.63,46.688,11725
24.63,46.68,11731
24.631,46.715,11735
24.631,46.602,19835
24.631,46.746,11760
24.631,46.712,16702
24.631,46.763,11756
24.631,46.711,20057
24.632,46.557,19026
24.632,46.699,11768
24.632,46.591,17235
24.633,46.878,17542
24.633,46.611,19835
24.633,46.803,11782
24.634,46.594,11794
24.634,46.88,17542
24.634,46.781,20155
24.634,46.719,20087
24.634,46.726,11810
24.634,46.675,11773
24.635,46.682,19809
24.635,46.709,16700
24.635,46.679,19804
24.635,46.649,16787
24.635,46.74,20120
24.635,46.72,20091
24.635,46.733,20313
24.636,46.737,20120
24.636,46.692,11805
24.636,46.705,16693
24.636,46.743,11806
24.636,46.616,19835
24.636,46.743,11806
24.636,46.718,16052
24.636,46.624,16786
24.636,46.77,20166
24.637,46.654,16787
24.637,46.712,20039
24.637,46.761,11825
24.637,46.698,16758
24.637,46.712,20039
24.637,46.55,19025
24.637,46.563,19028
24.638,46.588,11794
24.638,46.714,20039
24.638,46.72,11788
24.638,46.606,19835
24.638,46.674,19833
24.638,46.724,20077
24.639,46.718,16683
24.639,46.726,11839
24.639,46.686,11835
24.639,46.684,19801
24.639,46.823,16978
24.639,46.574,18309
24.64,46.734,20098
24.64,46.74,11823
24.64,46.682,19801
24.64,46.749,16674
24.64,46.749,16674
24.641,46.692,20736
24.641,46.725,20079
24.641,46.708,16684
24.642,46.597,12101
24.642,46.697,19754
24.642,46.718,12500
24.642,46.739,11881
24.642,46.703,19753
24.642,46.781,12033
24.642,46.769,11906
24.643,46.788,12034
24.643,46.684,11875
24.643,46.727,20066
24.643,46.716,20034
24.644,46.728,20066
24.644,46.837,16976
24.644,46.533,19018
24.644,46.742,11933
24.644,46.757,15363
24.644,46.716,20023
24.645,46.698,11913
24.645,46.676,19829
24.645,46.642,11795
24.645,46.674,11886
24.645,46.714,11941
24.645,46.737,20108
24.645,46.682,11927
24.645,46.722,20024
24.646,46.758,11985
24.646,46.698,11978
24.646,46.707,11946
24.647,46.671,11884
24.647,46.796,11999
24.647,46.671,12014
24.647,46.647,11795
24.647,46.796,11999
24.647,46.812,18880
24.647,46.727,20061
24.647,46.694,11956
24.647,46.782,11993
24.647,46.719,11969
24.647,46.709,20009
24.647,46.741,20105
24.648,46.686,15403
24.648,46.688,15402
24.648,46.829,20420
24.649,46.702,15135
24.649,46.554,19019
24.649,46.719,20020
24.649,46.733,12052
24.649,46.677,19789
24.649,46.693,11817
24.65,46.766,20145
24.65,46.707,11988
24.651,46.677,19786
24.651,46.804,18879
24.652,46.691,12059
24.652,46.806,18879
24.652,46.715,15417
24.653,46.656,19520
24.653,46.781,12030
24.653,46.58,19840
24.653,46.712,16017
24.653,46.741,12114
24.653,46.571,11802
24.654,46.821,20418
24.654,46.749,16668
24.654,46.724,12139
24.654,46.668,18086
24.654,46.675,12115
24.654,46.703,19999
24.655,46.628,16785
24.655,46.735,12149
24.655,46.616,12155
24.656,46.603,12154
24.656,46.714,15412
24.656,46.756,20133
24.656,46.694,19768
24.656,46.65,19517
24.657,46.705,20004
24.657,46.872,16953
24.657,46.789,12132
24.657,46.83,12263
24.658,46.675,12016
24.658,46.651,19517
24.658,46.62,12155
24.658,46.739,19933
24.658,46.731,12221
24.659,46.685,19785
24.659,46.714,12216
24.659,46.705,12230
24.659,46.705,12230
24.659,46.71,12210
24.659,46.724,12214
24.659,46.701,12199
24.66,46.71,12210
24.66,46.699,19765
24.66,46.806,20473
24.66,46.639,16788
24.66,46.639,16788
24.661,46.704,12257
24.661,46.709,12232
24.661,46.648,19527
24.661,46.718,14964
24.661,46.727,12239
24.662,46.745,19904
24.662,46.681,19511
24.662,46.702,19987
24.662,46.665,16755
24.662,46.716,19997
24.662,46.686,16022
24.662,46.721,19929
24.662,46.676,19509
24.662,46.625,16785
24.662,46.639,16788
24.663,46.737,20036
24.663,46.637,16788
24.663,46.614,12155
24.663,46.623,12302
24.663,46.612,12155
24.663,46.688,19767
24.663,46.64,16788
24.664,46.797,18878
24.664,46.691,12276
24.664,46.73,19938
24.664,46.641,12312
24.664,46.711,12304
24.664,46.819,20421
24.665,46.819,12287
24.665,46.733,12234
24.665,46.742,19900
24.665,46.81,20482
24.665,46.631,12311
24.665,46.639,16788
24.665,46.674,19512
24.666,46.639,16788
24.666,46.723,12321
24.666,46.789,16242
24.666,46.707,19990
24.667,46.681,12295
24.667,46.755,20131
24.667,46.682,12308
24.667,46.784,12354
24.667,46.713,19979
24.667,46.858,16973
24.667,46.715,16647
24.668,46.701,15415
24.668,46.715,16647
24.668,46.678,12340
24.668,46.871,18715
24.668,46.883,18715
24.669,46.69,12339
24.669,46.69,12339
24.669,46.69,12339
24.669,46.692,12336
24.669,46.706,12368
24.669,46.711,19978
24.669,46.729,12363
24.669,46.716,16649
24.67,46.664,19546
24.67,46.719,19920
24.67,46.722,19911
24.67,46.694,12336
24.671,46.727,16662
24.671,46.748,19903
24.671,46.714,19976
24.671,46.714,19976
24.671,46.703,12369
24.671,46.737,12374
24.672,46.719,19914
24.672,46.843,12600
24.672,46.678,19513
24.672,46.692,12325
24.672,46.712,19973
24.672,46.674,12432
24.672,46.697,16046
24.672,46.707,16639
24.673,46.742,19906
24.673,46.645,12312
24.673,46.722,15134
24.673,46.813,12382
24.673,46.776,12444
24.673,46.709,16642
24.673,46.804,20496
24.673,46.759,12392
24.673,46.804,20496
24.673,46.813,12382
24.673,46.712,16643
24.673,46.791,18875
24.674,46.731,19896
24.674,46.691,12474
24.674,46.691,12474
24.674,46.669,15743
24.675,46.806,20496
24.675,46.696,12403
24.675,46.751,12452
24.675,46.608,15472
24.675,46.608,15472
24.676,46.59,15471
24.676,46.745,19879
24.676,46.674,12432
24.676,46.669,17704
24.676,46.669,17704
24.676,46.718,19961
24.676,46.681,12470
24.676,46.578,15471
24.676,46.623,16796
24.677,46.579,15471
24.677,46.692,12491
24.677,46.704,12494
24.677,46.704,12494
24.677,46.704,12494
24.677,46.726,12505
24.677,46.825,16442
24.677,46.709,19991
24.677,46.777,12507
24.678,46.685,12486
24.678,46.655,12492
24.678,46.816,12747
24.678,46.678,12511
24.678,46.754,12539
24.678,46.698,17636
24.678,46.869,18715
24.679,46.741,19898
24.679,46.869,18715
24.679,46.648,12426
24.679,46.678,12511
24.679,46.725,12532
24.679,46.73,17946
24.68,46.661,12424
24.68,46.749,12547
24.68,46.806,12560
24.68,46.72,12624
24.68,46.687,12555
24.68,46.687,12555
24.68,46.734,12554
24.681,46.712,12564
24.681,46.587,19837
24.681,46.852,16983
24.681,46.764,12558
24.681,46.69,12546
24.682,46.782,17273
24.682,46.683,12568
24.682,46.695,12488
24.682,46.64,12542
24.682,46.635,12610
24.682,46.789,17278
24.682,46.76,12589
24.683,46.624,10997
24.683,46.635,12650
24.683,46.711,19967
24.683,46.837,12601
24.683,46.712,12564
24.683,46.725,12594
24.683,46.824,17900
24.683,46.667,19550
24.683,46.667,19550
24.683,46.676,12617
24.683,46.708,12597
24.683,46.71,12615
24.683,46.798,16132
24.683,46.701,12538
24.684,46.69,20448
24.684,46.711,12615
24.684,46.686,12593
24.684,46.798,20709
24.684,46.767,12628
24.684,46.559,15499
24.684,46.744,12626
24.685,46.709,12615
24.685,46.714,19951
24.685,46.813,12747
24.685,46.685,12622
24.685,46.714,19951
24.685,46.67,12636
24.685,46.738,19887
24.685,46.777,12635
24.685,46.661,15201
24.686,46.648,19525
24.686,46.641,12620
24.686,46.708,12674
24.686,46.598,12522
24.686,46.679,17245
24.686,46.628,12642
24.686,46.772,12663
24.686,46.651,12647
24.687,46.686,12553
24.687,46.806,17294
24.687,46.598,12522
24.687,46.686,12553
24.687,46.733,12681
24.687,46.753,17685
24.687,46.649,19542
24.687,46.69,12786
24.687,46.795,14976
24.687,46.723,12737
24.687,46.684,12697
24.688,46.699,19455
24.688,46.701,19455
24.688,46.693,12684
24.689,46.644,19531
24.689,46.711,12691
24.689,46.733,16660
24.689,46.714,19946
24.689,46.772,12724
24.689,46.703,12734
24.689,46.817,16441
24.689,46.818,16441
24.689,46.851,17805
24.689,46.611,16801
24.689,46.683,12718
24.689,46.711,12691
24.689,46.717,19953
24.689,46.686,20444
24.689,46.685,20444
24.689,46.724,12736
24.689,46.783,19233
24.689,46.713,12680
24.689,46.727,16661
24.689,46.829,17901
24.689,46.84,12831
24.69,46.76,12731
24.69,46.797,19203
24.69,46.685,20444
24.69,46.65,15496
24.69,46.584,19837
24.69,46.765,12757
24.69,46.681,12716
24.69,46.685,20444
24.69,46.708,19457
24.69,46.773,12810
24.691,46.791,19214
24.691,46.682,12729
24.691,46.716,19959
24.691,46.684,12726
24.691,46.685,12726
24.691,46.718,19955
24.691,46.684,12726
24.691,46.684,12726
24.691,46.673,12741
24.691,46.654,15496
24.691,46.712,12735
24.691,46.683,12740
24.692,46.715,12690
24.692,46.653,15496
24.692,46.856,16409
24.692,46.645,19533
24.692,46.671,12741
24.692,46.711,12735
24.692,46.715,12690
24.692,46.745,12728
24.692,46.788,12858
24.692,46.787,12858
24.693,46.804,19206
24.693,46.689,12785
24.693,46.689,12785
24.693,46.722,17630
24.693,46.723,17626
24.693,46.695,12778
24.693,46.727,17628
24.693,46.849,12868
24.693,46.662,15196
24.694,46.685,12158
24.694,46.678,12771
24.694,46.701,12849
24.694,46.681,12774
24.694,46.715,19488
24.694,46.636,15223
24.694,46.701,12849
24.695,46.595,12522
24.695,46.797,19197
24.695,46.595,12522
24.695,46.715,19488
24.695,46.752,17663
24.695,46.708,12802
24.695,46.813,19192
24.695,46.763,12760
24.695,46.734,19889
24.695,46.656,15186
24.695,46.784,19236
24.696,46.844,12868
24.696,46.769,19865
24.696,46.684,12830
24.696,46.779,15308
24.697,46.626,12813
24.697,46.806,19211
24.697,46.851,12868
24.697,46.627,12813
24.697,46.674,17927
24.697,46.704,12834
24.697,46.747,12853
24.697,46.758,12923
24.698,46.649,19526
24.698,46.721,12844
24.698,46.721,12844
24.698,46.613,19852
24.698,46.821,17309
24.698,46.669,12852
24.698,46.678,12796
24.698,46.686,12862
24.698,46.867,18717
24.698,46.64,12851
24.699,46.682,12854
24.699,46.714,19465
24.699,46.777,19268
24.699,46.777,19268
24.699,46.743,12912
24.699,46.845,12882
24.7,46.651,19526
24.7,46.721,12880
24.7,46.844,12882
24.7,46.797,19209
24.7,46.797,19209
24.7,46.709,16893
24.7,46.79,13366
24.7,46.673,15261
24.7,46.783,19249
24.7,46.668,12900
24.7,46.783,19249
24.701,46.692,12886
24.701,46.662,17921
24.701,46.68,12879
24.701,46.754,19861
24.701,46.682,12895
24.701,46.77,12953
24.701,46.743,12954
24.701,46.613,19848
24.701,46.697,12913
24.701,46.65,15163
24.702,46.642,12877
24.702,46.642,12877
24.702,46.831,17318
24.702,46.679,20441
24.703,46.814,19196
24.704,46.821,19180
24.704,46.681,12937
24.704,46.805,19186
24.704,46.675,12948
24.704,46.681,12937
24.704,46.805,19186
24.704,46.671,12947
24.704,46.678,12942
24.704,46.624,15723
24.704,46.837,12982
24.704,46.663,15226
24.704,46.821,19180
24.704,46.677,12942
24.705,46.683,19450
24.705,46.624,15641
24.705,46.701,19477
24.705,46.675,12966
24.705,46.685,12967
24.705,46.718,19473
24.705,46.748,13007
24.705,46.748,13007
24.705,46.679,12937
24.705,46.68,12937
24.705,46.718,12526
24.706,46.708,12971
24.706,46.784,13005
24.706,46.679,12937
24.706,46.784,13005
24.706,46.663,12994
24.706,46.775,19284
24.706,46.676,12960
24.706,46.641,17383
24.706,46.704,12977
24.706,46.799,19246
24.707,46.609,19846
24.707,46.694,19434
24.707,46.69,19449
24.708,46.689,19449
24.708,46.675,12993
24.708,46.798,19127
24.708,46.661,19563
24.708,46.68,13033
24.708,46.69,19451
24.708,46.662,13015
24.708,46.571,15490
24.708,46.571,15490
24.708,46.699,13018
24.708,46.677,13131
24.709,46.636,17378
24.709,46.675,13017
24.709,46.678,13131
24.709,46.666,13030
24.709,46.754,13050
24.709,46.752,15758
24.709,46.764,13060
24.71,46.851,15937
24.71,46.816,19185
24.71,46.692,19444
24.71,46.807,13058
24.71,46.832,19126
24.71,46.851,13118
24.71,46.789,13056
24.71,46.832,19126
24.711,46.764,13060
24.711,46.631,17380
24.711,46.637,17382
24.711,46.676,20437
24.711,46.63,17380
24.711,46.852,13118
24.711,46.793,13100
24.712,46.615,19853
24.712,46.675,13094
24.712,46.684,13080
24.712,46.778,13092
24.712,46.838,19221
24.712,46.674,13094
24.712,46.675,13094
24.712,46.701,19481
24.712,46.759,12258
24.712,46.837,19221
24.713,46.671,15832
24.713,46.746,17937
24.713,46.622,13063
24.713,46.773,19266
24.714,46.678,13140
24.714,46.781,19277
24.714,46.665,13103
24.715,46.697,13145
24.715,46.85,13119
24.715,46.622,13063
24.715,46.816,13158
24.716,46.841,19224
24.716,46.841,19224
24.716,46.608,19856
24.716,46.634,17375
24.716,46.649,17706
24.716,46.801,13128
24.716,46.649,17706
24.716,46.749,13301
24.716,46.834,19172
24.716,46.755,15124
24.716,46.776,19252
24.716,46.776,19252
24.716,46.792,19281
24.717,46.592,15492
24.717,46.786,13127
24.717,46.682,13160
24.717,46.825,13141
24.717,46.674,13129
24.717,46.824,13114
24.718,46.66,13157
24.718,46.66,13157
24.718,46.845,19103
24.718,46.617,15071
24.718,46.768,13153
24.718,46.768,13153
24.718,46.747,17937
24.718,46.747,17937
24.718,46.628,16629
24.718,46.83,19113
24.718,46.668,13149
24.719,46.853,19066
24.719,46.687,13148
24.719,46.737,13359
24.719,46.813,19166
24.719,46.691,13167
24.72,46.628,16629
24.72,46.648,13175
24.72,46.608,19839
24.72,46.806,13163
24.72,46.806,13163
24.72,46.657,19300
24.72,46.657,19300
24.72,46.782,19250
24.72,46.641,19554
24.72,46.763,18643
24.721,46.622,16629
24.721,46.622,16629
24.721,46.837,13088
24.721,46.795,18669
24.721,46.669,20436
24.721,46.775,13233
24.722,46.678,13227
24.722,46.777,13234
24.722,46.608,12351
24.723,46.758,13218
24.723,46.665,13211
24.723,46.769,18636
24.723,46.802,13260
24.723,46.823,19164
24.723,46.671,13189
24.723,46.788,19251
24.723,46.851,19070
24.723,46.678,13227
24.723,46.789,19251
24.724,46.664,19306
24.724,46.816,13280
24.724,46.742,13359
24.724,46.816,13280
24.724,46.654,15528
24.724,46.775,13244
24.724,46.691,13248
24.725,46.676,13254
24.725,46.685,16659
24.725,46.809,19144
24.725,46.869,18033
24.725,46.832,19111
24.726,46.603,15457
24.726,46.603,15457
24.726,46.809,19144
24.726,46.846,19076
24.726,46.827,13258
24.726,46.598,14908
24.726,46.827,13258
24.726,46.763,18644
24.726,46.839,13290
24.727,46.613,16628
24.727,46.577,15498
24.727,46.577,15498
24.727,46.668,13292
24.727,46.769,13338
24.727,46.612,16628
24.727,46.691,13286
24.727,46.661,13223
24.727,46.691,13287
24.727,46.681,13274
24.727,46.768,13338
24.727,46.779,13261
24.728,46.703,18013
24.728,46.758,15714
24.728,46.758,15714
24.728,46.813,19120
24.728,46.852,19071
24.728,46.813,19120
24.728,46.852,19071
24.729,46.8,17906
24.729,46.791,18667
24.729,46.821,13332
24.729,46.663,13267
24.729,46.821,13332
24.729,46.883,13324
24.729,46.667,13315
24.729,46.65,19288
24.729,46.666,13315
24.729,46.605,19587
24.73,46.591,13364
24.73,46.658,19297
24.73,46.695,19397
24.73,46.783,13335
24.73,46.836,13344
24.73,46.736,15459
24.73,46.805,13367
24.731,46.843,13345
24.731,46.774,18645
24.731,46.824,13362
24.731,46.836,19096
24.731,46.774,18645
24.731,46.686,19319
24.731,46.662,13346
24.731,46.799,17906
24.732,46.703,18014
24.732,46.645,19569
24.732,46.722,19435
24.732,46.621,19571
24.732,46.639,15576
24.732,46.666,13390
24.732,46.638,15576
24.732,46.621,19571
24.732,46.674,13395
24.732,46.679,19334
24.732,46.765,13379
24.733,46.872,13324
24.733,46.85,13183
24.733,46.663,13283
24.733,46.791,13353
24.733,46.81,19124
24.733,46.85,13183
24.733,46.829,13392
24.733,46.829,13392
24.733,46.649,19568
24.733,46.664,13283
24.733,46.791,13356
24.734,46.688,13378
24.734,46.815,19116
24.734,46.595,19583
24.734,46.782,18661
24.734,46.76,18625
24.734,46.631,15567
24.735,46.757,18629
24.735,46.696,19398
24.735,46.755,18629
24.735,46.715,19409
24.736,46.602,19581
24.736,46.821,19158
24.736,46.821,19158
24.736,46.8,15762
24.736,46.664,13411
24.736,46.669,13391
24.736,46.721,19435
24.736,46.663,13411
24.737,46.676,13413
24.737,46.684,13387
24.737,46.637,17472
24.737,46.682,17414
24.737,46.591,13422
24.737,46.774,13424
24.737,46.774,13424
24.738,46.648,17913
24.738,46.844,19045
24.738,46.844,19059
24.738,46.812,19153
24.738,46.796,18657
24.738,46.781,13441
24.738,46.812,19153
24.738,46.616,19582
24.738,46.623,15566
24.738,46.829,13483
24.739,46.706,13408
24.739,46.789,18651
24.739,46.855,19036
24.739,46.789,18651
24.739,46.691,17418
24.739,46.643,17476
24.739,46.656,13453
24.739,46.694,13462
24.739,46.764,13426
24.739,46.706,19401
24.739,46.713,13556
24.739,46.806,13491
24.739,46.806,13491
24.739,46.609,19580
24.739,46.658,13453
24.74,46.836,13492
24.74,46.69,17418
24.74,46.749,15709
24.74,46.819,19129
24.74,46.819,19136
24.74,46.721,19426
24.741,46.673,13479
24.741,46.824,19141
24.741,46.824,19141
24.741,46.758,18635
24.741,46.657,13470
24.742,46.65,17485
24.742,46.622,14869
24.742,46.571,17892
24.743,46.841,13525
24.743,46.686,13489
24.743,46.57,17892
24.743,46.68,13533
24.743,46.714,19413
24.743,46.77,13501
24.743,46.658,13493
24.743,46.778,13480
24.743,46.847,18036
24.743,46.778,13480
24.743,46.581,16816
24.743,46.665,13490
24.743,46.714,19412
24.743,46.703,13403
24.743,46.725,14534
24.743,46.77,13501
24.743,46.669,13511
24.744,46.83,19091
24.744,46.83,19091
24.744,46.677,13526
24.744,46.753,13524
24.744,46.558,16805
24.744,46.616,19588
24.744,46.754,13524
24.744,46.792,13531
24.744,46.813,13563
24.745,46.799,18659
24.745,46.786,13564
24.745,46.858,18713
24.745,46.823,19145
24.745,46.785,13564
24.745,46.526,16830
24.746,46.596,16580
24.746,46.644,11779
24.746,46.759,13560
24.746,46.747,13534
24.747,46.652,10910
24.747,46.683,13548
24.747,46.659,15606
24.747,46.673,13555
24.747,46.758,13560
24.747,46.724,19414
24.747,46.837,19051
24.747,46.637,19576
24.747,46.668,13587
24.748,46.653,10909
24.748,46.689,13637
24.748,46.698,13595
24.748,46.768,13538
24.748,46.855,13629
24.748,46.652,10909
24.749,46.763,13593
24.749,46.535,16829
24.749,46.678,13596
24.749,46.858,18713
24.749,46.858,18713
24.749,46.823,19085
24.749,46.856,13629
24.75,46.787,10869
24.75,46.826,19084
24.75,46.818,13607
24.75,46.865,18713
24.75,46.71,17430
24.75,46.809,13696
24.75,46.573,16812
24.75,46.623,13606
24.75,46.693,13637
24.75,46.857,13629
24.751,46.645,13614
24.751,46.795,13589
24.751,46.694,13637
24.751,46.854,13629
24.751,46.776,13599
24.751,46.694,13637
24.751,46.726,17435
24.751,46.883,18714
24.751,46.883,18714
24.752,46.782,13667
24.752,46.782,13667
24.752,46.744,13642
24.752,46.704,19394
24.752,46.657,17917
24.752,46.689,13637
24.752,46.657,17917
24.752,46.749,18612
24.753,46.688,13542
24.753,46.699,13662
24.753,46.684,13702
24.753,46.656,13688
24.753,46.541,16825
24.753,46.695,13639
24.753,46.578,15447
24.753,46.598,13591
24.753,46.721,15539
24.753,46.598,13591
24.753,46.731,17666
24.753,46.84,19032
24.753,46.605,13592
24.753,46.76,18600
24.754,46.792,13759
24.754,46.693,13639
24.754,46.637,13682
24.754,46.73,13864
24.754,46.769,13698
24.754,46.853,17072
24.754,46.688,13735
24.754,46.815,13841
24.754,46.832,13740
24.755,46.803,13706
24.755,46.653,20431
24.755,46.569,17895
24.755,46.728,17436
24.755,46.739,13736
24.756,46.657,13708
24.756,46.676,13713
24.756,46.556,16820
24.756,46.885,18714
24.756,46.663,13724
24.756,46.681,13726
24.756,46.711,19378
24.756,46.775,18621
24.756,46.775,18621
24.756,46.75,18018
24.758,46.648,13731
24.758,46.783,18607
24.758,46.618,13733
24.758,46.7,19364
24.758,46.764,18604
24.758,46.825,13762
24.758,46.764,18604
24.759,46.617,13774
24.759,46.756,13782
24.759,46.757,13782
24.759,46.668,13765
24.759,46.816,13841
24.759,46.799,13874
24.759,46.8,13874
24.759,46.653,13832
24.76,46.626,13846
24.76,46.686,19343
24.76,46.693,13784
24.76,46.707,19386
24.76,46.807,13732
24.76,46.707,19386
24.76,46.789,13759
24.76,46.727,13865
24.762,46.674,13896
24.762,46.699,19365
24.762,46.736,13891
24.762,46.773,18620
24.762,46.655,13885
24.762,46.718,19359
24.763,46.747,13877
24.763,46.667,17973
24.763,46.662,13871
24.763,46.618,13774
24.763,46.619,13774
24.764,46.618,13774
24.764,46.681,13897
24.764,46.647,13867
24.764,46.811,13840
24.764,46.763,13882
24.764,46.785,13916
24.764,46.763,13882
24.764,46.529,16831
24.765,46.752,13898
24.765,46.803,13964
24.765,46.725,19358
24.765,46.591,13909
24.765,46.778,18619
24.765,46.82,13936
24.766,46.755,17439
24.766,46.611,13911
24.766,46.692,19349
24.766,46.834,14010
24.767,46.703,19432
24.768,46.808,13964
24.768,46.712,15632
24.768,46.674,17979
24.768,46.772,18606
24.768,46.807,13964
24.768,46.686,19350
24.768,46.747,14038
24.769,46.667,13960
24.769,46.83,14008
24.769,46.628,10900
24.769,46.668,13970
24.769,46.581,10921
24.77,46.789,13992
24.77,46.758,16613
24.77,46.759,16613
24.77,46.781,14012
24.77,46.794,14002
24.77,46.679,19337
24.77,46.699,19429
24.77,46.706,13884
24.771,46.668,13976
24.771,46.8,14052
24.771,46.726,14049
24.771,46.66,17986
24.771,46.767,17444
24.771,46.741,14020
24.771,46.62,13972
24.771,46.651,14018
24.771,46.69,14001
24.771,46.8,14052
24.772,46.734,14033
24.772,46.822,13945
24.772,46.72,14013
24.773,46.646,20451
24.773,46.814,14029
24.773,46.742,14020
24.774,46.683,19339
24.774,46.609,14041
24.774,46.832,17548
24.775,46.826,17076
24.775,46.716,13830
24.775,46.791,14094
24.775,46.728,17519
24.775,46.807,14052
24.776,46.694,19429
24.776,46.777,15546
24.776,46.644,20543
24.776,46.71,14130
24.776,46.805,14071
24.776,46.699,19431
24.776,46.752,14088
24.777,46.705,19433
24.777,46.636,15837
24.777,46.828,17104
24.777,46.654,14044
24.777,46.675,17977
24.777,46.629,14026
24.777,46.661,17989
24.778,46.82,14114
24.778,46.821,14114
24.779,46.719,14139
24.779,46.763,14110
24.779,46.84,18599
24.779,46.713,14131
24.779,46.784,15548
24.779,46.693,18000
24.779,46.799,14143
24.78,46.664,14103
24.78,46.738,14106
24.78,46.624,14120
24.781,46.652,17883
24.781,46.768,17908
24.781,46.816,14175
24.781,46.708,14937
24.781,46.571,15102
24.782,46.685,18005
24.782,46.76,14110
24.782,46.75,10772
24.782,46.855,14181
24.782,46.855,14181
24.782,46.793,15552
24.783,46.675,14150
24.783,46.64,14144
24.783,46.774,14155
24.783,46.825,17101
24.784,46.586,16432
24.784,46.714,14131
24.784,46.692,17996
24.784,46.762,10846
24.785,46.668,18481
24.785,46.725,14180
24.785,46.849,18597
24.785,46.631,14170
24.785,46.731,14186
24.785,46.661,17881
24.786,46.779,14197
24.786,46.77,14155
24.786,46.65,14210
24.786,46.757,14166
24.786,46.84,14195
24.786,46.703,14943
24.787,46.817,17096
24.787,46.687,18009
24.787,46.698,18008
24.787,46.719,14234
24.787,46.746,14156
24.788,46.681,14635
24.788,46.641,16585
24.788,46.618,20544
24.788,46.789,17909
24.789,46.74,14220
24.789,46.868,18581
24.789,46.875,10884
24.789,46.809,13955
24.789,46.803,17466
24.789,46.671,17879
24.79,46.651,14210
24.79,46.794,15550
24.79,46.711,14205
24.79,46.822,17558
24.79,46.767,18067
24.791,46.776,14484
24.791,46.601,14224
24.791,46.694,14226
24.792,46.761,10844
24.792,46.641,16586
24.793,46.747,14251
24.793,46.843,18594
24.794,46.688,14217
24.794,46.782,10840
24.794,46.818,17025
24.794,46.629,20533
24.794,46.699,14255
24.794,46.85,14269
24.794,46.817,17025
24.794,46.734,14288
24.794,46.657,14286
24.795,46.791,15550
24.795,46.708,14274
24.796,46.646,16586
24.797,46.646,14370
24.797,46.567,14275
24.797,46.773,15066
24.797,46.523,20452
24.797,46.523,20452
24.797,46.619,16577
24.798,46.855,15768
24.798,46.868,10890
24.799,46.75,14283
24.799,46.666,14295
24.799,46.728,14250
24.799,46.796,14284
24.799,46.723,14238
24.799,46.741,14314
24.799,46.675,17833
24.799,46.689,18497
24.799,46.759,14329
24.799,46.785,10789
24.8,46.811,14336
24.8,46.717,14312
24.801,46.631,14358
24.801,46.656,14313
24.801,46.66,14302
24.801,46.699,16129
24.801,46.77,14330
24.802,46.648,18359
24.802,46.86,18588
24.802,46.707,14363
24.803,46.621,14341
24.803,46.805,18100
24.803,46.848,20454
24.803,46.658,16218
24.803,46.79,18055
24.804,46.753,14365
24.804,46.603,14257
24.804,46.713,14357
24.804,46.641,14369
24.804,46.798,18074
24.804,46.635,14359
24.805,46.776,14398
24.805,46.731,14352
24.805,46.626,14342
24.805,46.683,16584
24.805,46.782,17910
24.806,46.695,14366
24.806,46.886,10874
24.806,46.712,14378
24.806,46.765,14423
24.807,46.721,14361
24.807,46.889,10874
24.807,46.746,16593
24.807,46.809,17020
24.808,46.649,18360
24.808,46.665,15272
24.808,46.792,10796
24.808,46.859,18588
24.809,46.64,14376
24.809,46.773,14433
24.81,46.8,18099
24.81,46.783,14399
24.81,46.704,14416
24.81,46.694,14406
24.811,46.692,14406
24.812,46.794,14346
24.812,46.751,14449
24.813,46.712,14383
24.813,46.608,14459
24.813,46.853,14392
24.813,46.883,18573
24.814,46.7,14416
24.814,46.656,14439
24.814,46.813,14142
24.814,46.641,18373
24.814,46.786,14425
24.814,46.836,14454
24.814,46.617,14393
24.815,46.632,17866
24.815,46.745,16588
24.815,46.879,18574
24.816,46.775,14456
24.816,46.739,16590
24.817,46.71,14447
24.817,46.801,14475
24.817,46.71,14490
24.817,46.809,14886
24.818,46.578,10939
24.818,46.765,14483
24.819,46.724,14481
24.819,46.787,14487
24.82,46.676,14488
24.82,46.595,16142
24.82,46.686,10763
24.82,46.751,14450
24.82,46.622,14512
24.82,46.778,14949
24.82,46.827,14508
24.822,46.812,14494
24.822,46.76,16594
24.822,46.641,18388
24.823,46.63,14497
24.823,46.842,18598
24.824,46.885,18569
24.824,46.781,14549
24.825,46.774,14559
24.826,46.804,14565
24.826,46.739,14561
24.826,46.792,17128
24.828,46.796,17016
24.829,46.638,18395
24.829,46.723,14556
24.829,46.827,14600
24.83,46.768,16131
24.83,46.648,14564
24.831,46.692,17843
24.833,46.811,18090
24.833,46.76,16599
24.835,46.885,18585
24.836,46.798,16606
24.836,46.798,16606
24.836,46.683,11453
24.837,46.722,20658
24.837,46.773,16134
24.838,46.789,16136
24.839,46.806,14955
24.839,46.724,20640
24.839,46.805,14955
24.84,46.671,14633
24.842,46.72,20653
24.842,46.722,20653
24.843,46.774,16598
24.843,46.717,20672
24.845,46.727,20642
24.846,46.601,16339
24.847,46.869,14723
24.847,46.869,14723
24.847,46.725,20642
24.847,46.727,20642
24.848,46.724,20641
24.848,46.824,14959
24.849,46.716,20678
24.849,46.722,15251
24.85,46.762,14649
24.851,46.65,14641
24.851,46.696,20426
24.851,46.696,20426
24.852,46.791,10903
24.852,46.719,15251
24.852,46.776,14653
24.853,46.72,15251
24.854,46.719,20652
24.855,46.72,15251
24.856,46.697,16914
24.856,46.718,20660
24.857,46.807,16607
24.857,46.703,16914
24.857,46.695,20426
24.861,46.718,20648
24.862,46.719,15253
24.862,46.818,14663
24.862,46.726,20648
24.864,46.797,14667
24.864,46.711,16914
24.864,46.787,14654
24.864,46.633,14651
24.868,46.583,14612
24.869,46.73,15253
24.87,46.613,14673
24.87,46.835,14687
24.876,46.822,14689
24.876,46.857,18590
24.877,46.592,16375
24.877,46.569,16539
24.877,46.559,16539
24.879,46.874,14669
24.886,46.804,10959
24.901,46.804,10897
24.904,46.807,10897
24.908,46.828,14735
24.916,46.809,15454
24.923,46.713,16925
24.933,46.838,20427
24.941,46.558,16470
24.943,46.652,14714
24.948,46.705,20424
24.951,46.794,16898
24.955,46.702,20424
24.955,46.8,16898
24.956,46.703,20424
24.959,46.798,16898
24.959,46.794,16898
24.96,46.793,16898
24.96,46.702,20423
24.962,46.801,16898
24.963,46.701,20423
24.963,46.79,16379
24.965,46.8,16898
24.967,46.794,16379
24.975,46.771,16382
24.978,46.69,17198
